1,0,-60,-61,-66,-75,-78,-70,-60,-65,-46,-49,-56
2,0,-61,-51,-63,-82,-68,-78,-77,-75,-60,-49,-59
3,0,-61,-67,-69,-75,-77,-66,-77,-60,-46,-49,-55
4,0,-56,-51,-55,-67,-67,-76,-76,-69,-63,-47,-58
5,0,-57,-62,-64,-75,-67,-66,-64,-59,-51,-49,-55
6,0,-56,-60,-61,-76,-69,-73,-79,-67,-63,-41,-69
7,0,-56,-62,-61,-71,-74,-69,-61,-58,-63,-47,-54
8,0,-62,-58,-62,-70,-79,-79,-79,-64,-59,-45,-65
9,0,-60,-65,-62,-76,-73,-67,-63,-58,-49,-47,-65
10,0,-50,-64,-67,-68,-72,-70,-77,-63,-61,-41,-65
11,0,-50,-64,-69,-68,-73,-67,-67,-59,-61,-48,-55
12,0,-54,-56,-70,-70,-81,-72,-67,-66,-55,-34,-69
13,0,-61,-56,-60,-75,-81,-69,-67,-58,-55,-49,-53
14,0,-58,-56,-61,-73,-68,-81,-67,-60,-62,-37,-63
15,0,-54,-64,-64,-73,-72,-81,-68,-59,-49,-49,-55
16,0,-51,-71,-61,-67,-68,-68,-70,-63,-60,-36,-65
17,0,-58,-64,-67,-77,-73,-69,-65,-57,-60,-51,-56
18,0,-56,-70,-78,-78,-72,-68,-120,-62,-54,-38,-64
19,0,-55,-70,-63,-70,-76,-71,-120,-61,-48,-46,-52
20,0,-46,-63,-66,-74,-69,-72,-71,-65,-56,-42,-61
21,0,-120,-69,-69,-78,-72,-70,-57,-66,-53,-54,-59
22,2,-120,-66,-70,-78,-72,-71,-57,-73,-53,-54,-59
23,4,-120,-70,-70,-78,-72,-65,-51,-65,-45,-56,-68
24,6,-62,-71,-68,-78,-72,-63,-56,-65,-52,-56,-74
25,6,-62,-71,-72,-62,-58,-50,-45,-62,-37,-56,-73
26,4,-120,-66,-67,-61,-56,-46,-45,-57,-39,-53,-73
27,2,-120,-66,-67,-62,-68,-55,-47,-59,-40,-55,-74
28,0,-120,-70,-67,-68,-61,-57,-41,-69,-42,-55,-72
29,0,-120,-65,-67,-75,-61,-75,-60,-65,-50,-56,-72
30,1.9,-120,-69,-70,-75,-75,-75,-53,-67,-50,-54,-65
31,3.9,-120,-69,-70,-74,-71,-72,-53,-67,-50,-54,-66
32,6,-120,-69,-72,-72,-68,-59,-57,-67,-49,-54,-66
33,6,-120,-72,-74,-74,-61,-56,-44,-59,-36,-120,-73
34,3.9,-67,-65,-70,-69,-54,-45,-47,-59,-39,-120,-68
35,2,-67,-63,-71,-76,-60,-55,-45,-59,-38,-120,-68
36,0,-62,-69,-68,-61,-68,-68,-45,-59,-42,-120,-71
37,0,-59,-62,-71,-61,-72,-75,-57,-65,-46,-120,-63
38,1.6,-60,-66,-71,-77,-72,-69,-54,-67,-52,-59,-63
39,3,-63,-65,-76,-74,-72,-69,-52,-71,-51,-59,-63
40,4.5,-67,-73,-76,-71,-67,-62,-51,-64,-52,-58,-120
41,6,-66,-75,-76,-73,-67,-66,-57,-63,-45,-60,-120
42,6,-66,-72,-69,-63,-62,-66,-54,-64,-40,-58,-120
43,4.5,-72,-71,-72,-65,-62,-50,-46,-62,-39,-59,-72
44,3,-72,-68,-70,-64,-59,-51,-45,-64,-44,-60,-72
45,1.5,-64,-66,-70,-63,-59,-58,-42,-68,-36,-59,-72
46,0,-64,-70,-74,-68,-67,-61,-48,-65,-38,-57,-67
47,0,-62,-65,-74,-76,-74,-61,-53,-65,-56,-57,-67
48,1.2,-64,-65,-120,-76,-74,-63,-55,-70,-56,-58,-120
49,2.5,-62,-72,-120,-72,-67,-73,-53,-66,-53,-58,-120
50,3.5,-73,-75,-120,-72,-71,-60,-53,-65,-50,-58,-120
51,4.7,-73,-71,-120,-69,-67,-60,-51,-65,-44,-58,-120
52,6,-68,-71,-120,-76,-65,-60,-40,-67,-39,-120,-63
53,6,-64,-75,-75,-62,-56,-57,-46,-66,-37,-120,-77
54,4.7,-60,-72,-70,-65,-56,-47,-46,-66,-36,-120,-71
55,3.5,-69,-72,-70,-67,-63,-50,-45,-60,-41,-120,-69
56,2.4,-69,-68,-71,-61,-65,-57,-48,-69,-38,-120,-71
57,1.2,-69,-69,-71,-69,-67,-57,-43,-67,-44,-120,-68
58,0,-65,-68,-71,-63,-72,-59,-38,-65,-46,-120,-68
59,0,-58,-63,-73,-77,-83,-77,-58,-67,-46,-120,-58
60,1.2,-58,-68,-73,-79,-74,-69,-61,-75,-49,-120,-65
61,2.4,-58,-79,-73,-74,-72,-66,-56,-70,-45,-120,-65
62,3.6,-78,-79,-73,-74,-69,-66,-58,-70,-48,-120,-65
63,4.8,-65,-71,-74,-76,-78,-64,-44,-68,-41,-120,-68
64,6,-65,-69,-74,-64,-67,-60,-45,-68,-38,-120,-73
65,6,-62,-69,-74,-63,-62,-48,-48,-67,-38,-120,-73
66,4.8,-61,-71,-69,-62,-63,-46,-45,-63,-37,-58,-120
67,3.6,-72,-75,-69,-66,-64,-50,-46,-64,-38,-58,-120
68,2.4,-72,-75,-70,-64,-61,-62,-42,-63,-37,-54,-120
69,1.2,-67,-71,-73,-64,-59,-57,-43,-59,-37,-54,-120
70,0,-69,-67,-76,-64,-63,-63,-43,-61,-42,-62,-120
71,0,-58,-62,-72,-77,-72,-63,-56,-61,-50,-53,-120
72,1,-61,-69,-70,-77,-72,-65,-59,-72,-52,-57,-62
73,2,-66,-69,-74,-77,-71,-70,-54,-72,-48,-60,-62
74,3,-72,-77,-74,-71,-69,-68,-50,-63,-53,-60,-62
75,4,-69,-66,-76,-71,-68,-60,-48,-63,-41,-60,-71
76,5,-71,-71,-73,-70,-72,-63,-39,-63,-38,-120,-68
77,6,-65,-76,-73,-71,-64,-61,-37,-62,-38,-120,-68
78,6,-68,-75,-76,-61,-61,-66,-50,-62,-40,-120,-72
79,5.1,-79,-73,-76,-65,-61,-56,-48,-120,-41,-59,-72
80,4,-63,-70,-69,-66,-61,-53,-44,-120,-42,-59,-71
81,3,-67,-68,-69,-60,-58,-63,-47,-120,-37,-53,-76
82,2,-68,-69,-69,-67,-63,-56,-43,-120,-37,-59,-69
83,1,-60,-72,-69,-66,-60,-75,-37,-120,-49,-58,-70
84,0,-75,-72,-69,-68,-66,-69,-41,-120,-45,-58,-69
85,0,-60,-76,-75,-76,-77,-69,-56,-120,-45,-60,-60
86,0.9,-73,-68,-78,-79,-71,-67,-56,-120,-49,-57,-67
87,1.8,-64,-71,-85,-79,-71,-72,-55,-120,-48,-57,-67
88,2.6,-64,-74,-73,-77,-69,-61,-51,-120,-46,-63,-74
89,3.4,-61,-68,-73,-74,-67,-59,-43,-120,-42,-58,-74
90,4.3,-61,-72,-74,-73,-65,-57,-45,-120,-40,-60,-73
91,5.1,-66,-72,-78,-79,-72,-66,-37,-120,-17,-60,-73
92,6,-70,-72,-71,-65,-67,-54,-46,-65,-17,-60,-73
93,6,-64,-72,-72,-59,-66,-69,-49,-65,-37,-60,-71
94,5.1,-63,-77,-72,-65,-57,-44,-47,-61,-38,-61,-71
95,4.3,-63,-66,-72,-62,-65,-57,-47,-66,-37,-56,-73
96,3.4,-70,-65,-67,-65,-65,-60,-45,-66,-36,-62,-73
97,2.6,-65,-68,-79,-63,-60,-65,-43,-72,-36,-56,-64
98,1.7,-67,-69,-78,-68,-61,-63,-37,-59,-53,-60,-73
99,0.9,-75,-70,-78,-70,-65,-72,-44,-60,-53,-57,-64
100,0,-57,-71,-68,-74,-69,-72,-44,-68,-53,-59,-64
101,0,-74,-66,-73,-73,-77,-72,-56,-68,-53,-59,-64
102,0.8,-69,-69,-71,-73,-69,-70,-55,-120,-51,-63,-65
103,1.7,-62,-72,-71,-83,-74,-63,-57,-120,-51,-59,-65
104,2.5,-64,-72,-75,-77,-68,-70,-51,-120,-51,-55,-65
105,3.4,-71,-72,-75,-80,-69,-63,-49,-120,-42,-55,-120
106,4.3,-71,-75,-79,-70,-69,-63,-37,-65,-41,-61,-120
107,5.1,-71,-77,-77,-69,-65,-65,-41,-65,-39,-61,-120
108,6,-69,-77,-75,-64,-68,-68,-52,-66,-17,-60,-120
109,6,-69,-76,-75,-70,-61,-53,-46,-67,-35,-60,-120
110,5.2,-120,-68,-75,-62,-60,-46,-46,-64,-35,-120,-72
111,4.3,-120,-72,-68,-69,-66,-52,-43,-68,-38,-120,-74
112,3.5,-120,-65,-68,-65,-60,-60,-42,-66,-41,-59,-68
113,2.6,-120,-68,-68,-63,-69,-64,-45,-63,-36,-59,-68
114,1.7,-60,-75,-73,-69,-66,-67,-41,-60,-45,-56,-66
115,0.9,-71,-63,-73,-68,-67,-66,-38,-68,-53,-59,-63
116,0,-61,-75,-72,-68,-62,-66,-45,-62,-51,-58,-70
117,0,-58,-68,-73,-75,-62,-65,-55,-74,-51,-55,-70
118,0.7,-58,-68,-73,-87,-120,-74,-53,-72,-46,-55,-59
119,1.5,-68,-68,-73,-71,-120,-66,-57,-71,-50,-55,-66
120,2.2,-64,-71,-120,-68,-120,-62,-52,-67,-44,-56,-66
121,3,-63,-70,-120,-74,-120,-60,-44,-67,-44,-56,-69
122,3.7,-72,-69,-120,-68,-120,-64,-38,-67,-39,-60,-67
123,4.5,-66,-77,-120,-68,-64,-64,-41,-65,-17,-60,-66
124,5.3,-68,-77,-120,-64,-63,-59,-46,-65,-16,-60,-75
125,6,-73,-74,-120,-61,-58,-54,-50,-62,-19,-60,-75
126,6,-60,-75,-120,-63,-61,-57,-45,-58,-35,-60,-75
127,5.3,-67,-72,-120,-65,-61,-53,-43,-67,-35,-120,-72
128,4.5,-64,-66,-120,-63,-59,-57,-43,-58,-37,-120,-72
129,3.8,-64,-68,-120,-63,-78,-59,-44,-58,-37,-120,-69
130,3.1,-61,-71,-71,-75,-60,-59,-39,-58,-37,-120,-67
131,2.3,-61,-70,-71,-75,-63,-61,-36,-62,-51,-120,-70
132,1.5,-62,-74,-71,-74,-64,-69,-42,-62,-50,-120,-70
133,0.8,-65,-71,-74,-77,-71,-66,-56,-62,-55,-120,-65
134,0,-70,-69,-66,-67,-70,-70,-52,-59,-56,-120,-72
135,0,-57,-68,-66,-67,-77,-71,-59,-66,-48,-120,-67
136,0.7,-69,-74,-120,-73,-75,-66,-59,-69,-51,-120,-67
137,1.4,-70,-71,-120,-74,-71,-68,-58,-68,-51,-120,-69
138,2,-76,-74,-120,-67,-66,-62,-59,-69,-51,-120,-68
139,2.7,-66,-69,-120,-70,-68,-62,-45,-69,-40,-120,-68
140,3.3,-67,-69,-120,-69,-66,-61,-38,-63,-40,-120,-68
141,4,-70,-70,-120,-75,-63,-60,-36,-68,-36,-120,-70
142,4.7,-70,-70,-120,-63,-74,-73,-45,-68,-14,-120,-70
143,5.3,-70,-70,-73,-64,-59,-52,-47,-68,-14,-61,-71
144,6,-72,-69,-66,-59,-63,-56,-53,-120,-39,-59,-71
145,6,-70,-69,-68,-65,-63,-50,-54,-120,-42,-59,-71
146,5.4,-62,-76,-68,-61,-60,-47,-46,-63,-36,-52,-69
147,4.7,-62,-68,-68,-62,-57,-56,-44,-63,-36,-52,-75
148,4,-62,-69,-68,-73,-64,-58,-47,-68,-36,-52,-69
149,3.4,-60,-72,-120,-69,-64,-63,-37,-59,-42,-120,-69
150,2.7,-64,-72,-120,-65,-64,-68,-35,-58,-54,-120,-63
151,2,-62,-77,-120,-69,-73,-67,-43,-58,-47,-120,-63
152,1.4,-66,-65,-120,-72,-69,-72,-57,-63,-52,-120,-65
153,0.6,-59,-75,-120,-68,-69,-72,-55,-65,-58,-120,-65
154,0,-57,-66,-120,-80,-69,-72,-61,-70,-58,-120,-61
