"x","y","AP1","AP2","AP3","AP4","AP5","AP6","AP7","AP8","AP9","AP10","AP11"
"360",2,1.7,-60,-70,-52,-71,-67,-77,-71,-51,-53,-42,-69
"361",2,1.1,-56,-58,-63,-72,-71,-70,-71,-59,-61,-43,-60
"362",2,0.6,-55,-56,-61,-82,-71,-70,-73,-64,-62,-39,-63
"365",2,0.5,-49,-59,-74,-68,-64,-67,-64,-51,-61,-51,-63
"366",2,1.1,-57,-61,-61,-71,-64,-60,-69,-46,-61,-53,-65
"367",2,1.7,-57,-60,-61,-71,-61,-67,-71,-45,-61,-55,-71
"368",2,2.2,-57,-69,-66,-65,-57,-64,-66,-43,-61,-57,-71
"369",2,2.8,-57,-71,-60,-67,-53,-65,-66,-40,-55,-56,-71
"374",2,5,-46,-66,-62,-69,-65,-62,-66,-53,-61,-40,-61
"375",2,4.5,-49,-59,-74,-68,-64,-67,-64,-51,-61,-51,-63
"376",2,3.9,-57,-61,-61,-71,-64,-60,-69,-46,-61,-53,-65
"377",2,3.3,-57,-60,-61,-71,-61,-67,-71,-45,-61,-55,-71
"378",2,2.8,-57,-69,-66,-65,-57,-64,-66,-43,-61,-57,-71
"379",2,2.2,-57,-71,-60,-67,-53,-65,-66,-40,-55,-56,-71
"385",2,0.6,-48,-59,-59,-76,-72,-68,-67,-49,-54,-46,-63
"386",2,1.2,-59,-66,-59,-69,-61,-67,-69,-45,-53,-53,-63
"387",2,1.9,-62,-73,-65,-72,-61,-65,-68,-52,-58,-51,-70
"388",2,2.5,-61,-74,-66,-69,-61,-62,-72,-51,-53,-58,-70
"389",2,3.2,-61,-75,-60,-64,-57,-64,-62,-40,-60,-57,-70
"390",2,3.8,-64,-74,-60,-62,-59,-65,-61,-44,-51,-59,-73
"391",2,4.4,-64,-78,-60,-63,-56,-60,-76,-52,-51,-60,-73
"392",2,5,-64,-73,-67,-58,-60,-61,-58,-59,-58,-61,-73
"393",2,5,-65,-63,-60,-54,-54,-63,-70,-54,-49,-55,-69
"394",2,4.4,-64,-64,-54,-55,-59,-64,-70,-52,-61,-56,-76
"395",2,3.8,-60,-64,-67,-62,-59,-66,-75,-46,-61,-52,-72
"396",2,3.1,-59,-60,-59,-64,-67,-70,-75,-44,-61,-54,-69
"397",2,2.5,-61,-62,-57,-57,-67,-71,-75,-47,-58,-53,-71
"398",2,1.9,-61,-72,-61,-63,-69,-74,-64,-47,-59,-54,-75
"399",2,1.2,-66,-61,-68,-78,-66,-70,-64,-50,-66,-45,-70
"400",2,0.6,-66,-62,-62,-70,-72,-72,-64,-60,-61,-42,-69
"403",2,0.6,-51,-61,-60,-66,-66,-67,-66,-51,-53,-54,-66
"404",2,1.2,-57,-57,-67,-69,-61,-61,-72,-46,-56,-55,-67
"405",2,1.9,-70,-73,-66,-66,-59,-64,-65,-51,-57,-54,-67
"406",2,2.5,-63,-79,-71,-67,-59,-61,-59,-46,-52,-54,-73
"407",2,3.1,-63,-72,-59,-67,-55,-68,-63,-45,-57,-57,-73
"408",2,3.8,-62,-73,-72,-61,-63,-63,-63,-45,-57,-60,-78
"409",2,4.4,-64,-73,-63,-59,-59,-60,-69,-58,-57,-58,-78
"410",2,5,-69,-81,-65,-59,-58,-65,-62,-55,-57,-59,-78
"414",2,2.8,-62,-60,-61,-50,-65,-70,-63,-50,-57,-54,-67
"415",2,2.1,-61,-74,-60,-62,-64,-75,-63,-40,-58,-55,-66
"416",2,1.4,-60,-73,-79,-63,-69,-69,-63,-47,-57,-50,-71
"417",2,0.7,-67,-63,-56,-71,-66,-71,-72,-52,-58,-42,-66
"427",2,5,-66,-66,-59,-70,-58,-62,-76,-54,-54,-57,-72
"428",2,4.1,-79,-69,-58,-61,-63,-62,-74,-60,-57,-58,-72
"429",2,3.3,-62,-65,-63,-63,-62,-70,-74,-53,-57,-57,-72
"439",2,4.1,-64,-76,-60,-69,-60,-64,-61,-42,-53,-57,-78
"440",2,5,-64,-70,-60,-71,-62,-69,-61,-47,-56,-59,-75
"441",2,5,-77,-63,-61,-55,-58,-63,-62,-54,-53,-57,-71
"442",2,4,-71,-62,-61,-66,-50,-68,-64,-54,-53,-57,-77
"443",2,3,-63,-61,-60,-66,-65,-67,-64,-46,-55,-55,-72
"444",2,2,-74,-60,-60,-66,-68,-67,-63,-41,-55,-52,-69
"445",2,1,-62,-64,-61,-58,-65,-70,-64,-46,-55,-55,-75
"448",2,0.8,-47,-59,-60,-71,-67,-66,-75,-49,-50,-46,-61
"449",2,1.6,-58,-64,-64,-72,-64,-62,-75,-51,-53,-52,-72
"450",2,2.5,-58,-70,-64,-76,-56,-64,-67,-41,-59,-52,-72
"451",2,3.3,-63,-72,-74,-70,-56,-63,-60,-43,-59,-53,-78
"452",2,4.1,-64,-72,-58,-65,-60,-64,-62,-44,-57,-55,-74
"453",2,5,-64,-72,-64,-61,-61,-61,-62,-45,-57,-55,-76
"454",2,5,-63,-64,-61,-59,-61,-61,-60,-55,-53,-58,-68
"462",2,2,-59,-64,-63,-72,-61,-61,-72,-51,-56,-51,-62
"463",2,3,-57,-61,-67,-67,-58,-66,-73,-48,-54,-53,-69
"464",2,4,-65,-61,-60,-67,-58,-65,-63,-44,-54,-51,-73
"465",2,5,-63,-69,-64,-69,-54,-62,-60,-45,-53,-55,-73
"477",2,5,-65,-62,-58,-66,-55,-66,-77,-52,-50,-59,-68
"478",2,3.7,-65,-65,-58,-59,-59,-60,-77,-51,-50,-58,-73
"479",2,2.5,-63,-63,-64,-58,-66,-64,-68,-46,-60,-54,-73
"480",2,1.3,-64,-70,-64,-60,-73,-74,-70,-47,-61,-52,-72
"483",2,1.2,-66,-60,-64,-67,-63,-73,-69,-51,-64,-46,-64
"484",2,2.5,-59,-64,-62,-76,-60,-63,-72,-55,-61,-51,-62
"485",2,3.9,-61,-68,-63,-70,-61,-69,-72,-46,-59,-51,-71
"486",2,5,-61,-62,-61,-66,-59,-65,-63,-42,-51,-50,-70
"492",2,1.6,-46,-60,-61,-76,-77,-64,-69,-54,-54,-49,-64
"493",2,3.4,-58,-61,-61,-84,-60,-61,-70,-46,-54,-50,-67
"494",2,5,-57,-63,-61,-75,-63,-68,-70,-50,-59,-52,-68
"495",2,5,-74,-62,-60,-57,-57,-63,-69,-53,-50,-55,-69
"500",2,1.6,-52,-59,-61,-69,-64,-68,-68,-54,-53,-48,-58
"501",2,3.3,-58,-62,-60,-73,-60,-61,-67,-46,-57,-52,-67
"502",2,5,-67,-69,-61,-72,-59,-65,-69,-45,-57,-53,-69
