"x","y","AP1","AP2","AP3","AP4","AP5","AP6","AP7","AP8","AP9","AP10","AP11"
"532",3,5,-70,-62,-57,-48,-64,-67,-70,-63,-60,-53,-69
"533",3,3.4,-71,-59,-58,-48,-71,-65,-70,-58,-58,-56,-68
"534",3,1.7,-64,-63,-53,-53,-67,-66,-68,-57,-61,-53,-68
"537",3,1.8,-69,-57,-60,-63,-71,-76,-74,-63,-54,-42,-52
"538",3,3.2,-69,-54,-50,-63,-75,-67,-74,-57,-60,-48,-52
"539",3,5,-59,-58,-59,-62,-64,-66,-71,-54,-60,-45,-68
"540",3,5,-65,-61,-59,-46,-67,-72,-72,-56,-59,-49,-68
"555",3,1,-64,-50,-71,-62,-65,-77,-76,-61,-60,-45,-52
"556",3,1.9,-67,-62,-71,-63,-63,-78,-67,-56,-61,-45,-58
"557",3,3,-63,-67,-53,-61,-69,-65,-74,-54,-68,-56,-58
"558",3,4,-63,-62,-56,-54,-64,-68,-71,-57,-68,-51,-66
"559",3,5,-63,-66,-57,-58,-64,-69,-69,-51,-57,-58,-74
"560",3,5,-63,-63,-57,-54,-65,-67,-69,-58,-59,-60,-68
"567",3,0.8,-59,-51,-61,-59,-65,-75,-71,-61,-62,-47,-57
"568",3,1.8,-64,-56,-59,-59,-63,-75,-74,-56,-62,-42,-57
"569",3,2.9,-69,-66,-52,-62,-62,-66,-70,-52,-62,-44,-65
"570",3,3.9,-64,-56,-54,-60,-69,-68,-70,-51,-56,-52,-64
"571",3,5,-65,-68,-56,-58,-66,-71,-69,-52,-56,-50,-66
"572",3,5,-66,-63,-58,-46,-63,-69,-70,-57,-60,-59,-68
"593",3,0.7,-68,-50,-62,-61,-64,-69,-69,-65,-57,-42,-57
"594",3,1.4,-68,-55,-59,-62,-60,-70,-71,-59,-58,-45,-61
"595",3,2.1,-60,-63,-57,-63,-64,-64,-66,-51,-66,-51,-65
"596",3,2.9,-67,-56,-61,-59,-62,-62,-77,-56,-63,-55,-65
"597",3,3.6,-67,-64,-58,-59,-63,-66,-61,-53,-61,-55,-74
"598",3,4.3,-82,-70,-60,-52,-62,-65,-63,-54,-60,-59,-78
"599",3,5,-80,-69,-62,-51,-62,-64,-61,-52,-51,-62,-72
"600",3,5,-80,-60,-58,-48,-67,-69,-75,-66,-51,-52,-72
"601",3,4.3,-79,-60,-56,-54,-68,-81,-66,-58,-57,-59,-72
"602",3,3.6,-68,-58,-44,-53,-70,-77,-65,-59,-57,-51,-72
"603",3,2.9,-63,-59,-51,-57,-70,-77,-78,-59,-57,-50,-65
"604",3,2.2,-63,-59,-52,-63,-71,-76,-74,-57,-59,-51,-59
"605",3,1.5,-66,-62,-54,-62,-72,-71,-73,-63,-63,-51,-58
"606",3,0.7,-59,-47,-51,-68,-71,-81,-74,-64,-62,-50,-60
"628",3,2.4,-63,-65,-58,-63,-61,-77,-75,-60,-61,-53,-70
"629",3,3.1,-63,-61,-60,-53,-66,-77,-77,-57,-58,-54,-70
"630",3,3.7,-73,-65,-69,-53,-65,-62,-70,-57,-62,-58,-78
"631",3,4.3,-73,-71,-75,-51,-64,-66,-66,-57,-55,-59,-74
"632",3,5,-73,-74,-60,-55,-57,-64,-66,-53,-55,-65,-74
"633",3,5,-69,-59,-55,-47,-65,-71,-70,-60,-55,-53,-71
"634",3,4.4,-65,-59,-57,-50,-66,-84,-74,-63,-65,-54,-66
"635",3,3.8,-68,-64,-46,-53,-67,-71,-62,-55,-64,-55,-66
"636",3,3.2,-68,-56,-55,-63,-69,-68,-71,-60,-64,-51,-65
"637",3,2.5,-68,-56,-53,-59,-68,-75,-67,-59,-62,-51,-62
"638",3,1.9,-69,-54,-49,-70,-72,-75,-70,-62,-66,-49,-64
"639",3,1.3,-62,-52,-49,-69,-76,-76,-75,-58,-66,-50,-57
"640",3,0.6,-68,-47,-50,-64,-79,-74,-69,-64,-63,-46,-57
"643",3,0.6,-59,-51,-65,-62,-69,-77,-74,-61,-57,-44,-54
"644",3,1.3,-65,-61,-59,-62,-62,-73,-72,-59,-61,-42,-54
"645",3,1.9,-67,-63,-51,-61,-66,-65,-75,-54,-59,-51,-54
"646",3,2.5,-68,-69,-59,-58,-61,-67,-72,-51,-59,-52,-73
"647",3,3.1,-69,-64,-61,-57,-65,-66,-67,-51,-56,-56,-73
"648",3,3.8,-76,-66,-60,-53,-67,-63,-76,-57,-56,-59,-73
"649",3,4.4,-70,-78,-64,-53,-60,-66,-63,-56,-53,-59,-72
"650",3,5,-71,-77,-69,-57,-60,-64,-64,-55,-57,-59,-72
"651",3,5,-66,-67,-64,-56,-71,-71,-71,-56,-57,-57,-67
"652",3,4.4,-69,-62,-51,-52,-75,-70,-77,-67,-59,-54,-67
"653",3,3.8,-67,-58,-48,-57,-75,-68,-66,-60,-59,-51,-62
"654",3,3.1,-67,-58,-55,-63,-68,-69,-74,-55,-59,-60,-62
"655",3,2.5,-70,-54,-51,-62,-69,-74,-72,-57,-58,-48,-59
"656",3,1.8,-65,-54,-52,-63,-78,-74,-79,-60,-62,-54,-59
"657",3,1.2,-68,-55,-53,-71,-75,-78,-76,-59,-61,-52,-60
"658",3,0.6,-68,-54,-50,-68,-72,-84,-68,-76,-61,-52,-51
"665",3,3.1,-75,-67,-58,-62,-60,-74,-72,-53,-54,-55,-74
"666",3,3.9,-74,-71,-65,-54,-60,-62,-63,-48,-57,-57,-73
"667",3,4.4,-71,-75,-68,-50,-65,-59,-62,-55,-54,-58,-73
"668",3,5,-72,-74,-68,-51,-65,-68,-64,-55,-58,-62,-73
"669",3,5,-67,-62,-57,-49,-67,-71,-70,-58,-61,-54,-67
"670",3,4.6,-67,-62,-56,-44,-71,-78,-76,-57,-58,-54,-67
"671",3,3.9,-68,-59,-48,-57,-66,-74,-70,-59,-58,-51,-67
"672",3,3.2,-65,-60,-47,-56,-72,-75,-69,-57,-62,-50,-67
"673",3,2.6,-71,-52,-52,-61,-70,-78,-73,-63,-62,-53,-63
"674",3,1.9,-71,-51,-54,-67,-70,-72,-73,-59,-61,-49,-60
"675",3,1.3,-61,-47,-52,-74,-70,-81,-73,-64,-61,-49,-53
"676",3,0.7,-61,-47,-50,-67,-79,-81,-72,-66,-62,-53,-58
