0.0	0	-60	-61	-66	-75	-78	-70	-60	-65	-46	-49	-56
0.0	0	-61	-51	-63	-82	-68	-78	-77	-75	-60	-49	-59
0.0	0	-61	-67	-69	-75	-77	-66	-77	-60	-46	-49	-55
0.0	0	-56	-51	-55	-67	-67	-76	-76	-69	-63	-47	-58
0.0	0	-57	-62	-64	-75	-67	-66	-64	-59	-51	-49	-55
0.0	0	-56	-60	-61	-76	-69	-73	-79	-67	-63	-41	-69
0.0	0	-56	-62	-61	-71	-74	-69	-61	-58	-63	-47	-54
0.0	0	-62	-58	-62	-70	-79	-79	-79	-64	-59	-45	-65
0.0	0	-60	-65	-62	-76	-73	-67	-63	-58	-49	-47	-65
0.0	0	-50	-64	-67	-68	-72	-70	-77	-63	-61	-41	-65
0.0	0	-50	-64	-69	-68	-73	-67	-67	-59	-61	-48	-55
0.0	0	-54	-56	-70	-70	-81	-72	-67	-66	-55	-34	-69
0.0	0	-61	-56	-60	-75	-81	-69	-67	-58	-55	-49	-53
0.0	0	-58	-56	-61	-73	-68	-81	-67	-60	-62	-37	-63
0.0	0	-54	-64	-64	-73	-72	-81	-68	-59	-49	-49	-55
0.0	0	-51	-71	-61	-67	-68	-68	-70	-63	-60	-36	-65
0.0	0	-58	-64	-67	-77	-73	-69	-65	-57	-60	-51	-56
0.0	0	-56	-70	-78	-78	-72	-68	-120	-62	-54	-38	-64
0.0	0	-55	-70	-63	-70	-76	-71	-120	-61	-48	-46	-52
0.0	0	-46	-63	-66	-74	-69	-72	-71	-65	-56	-42	-61
0.0	0.0	-120	-69	-69	-78	-72	-70	-57	-66	-53	-54	-59
0.0	2.0	-120	-66	-70	-78	-72	-71	-57	-73	-53	-54	-59
0.0	4.0	-120	-70	-70	-78	-72	-65	-51	-65	-45	-56	-68
0.0	6.0	-62	-71	-68	-78	-72	-63	-56	-65	-52	-56	-74
0.0	6.0	-62	-71	-72	-62	-58	-50	-45	-62	-37	-56	-73
0.0	4.0	-120	-66	-67	-61	-56	-46	-45	-57	-39	-53	-73
0.0	2.0	-120	-66	-67	-62	-68	-55	-47	-59	-40	-55	-74
0.0	0.0	-120	-70	-67	-68	-61	-57	-41	-69	-42	-55	-72
0.0	0.0	-120	-65	-67	-75	-61	-75	-60	-65	-50	-56	-72
0.0	1.9	-120	-69	-70	-75	-75	-75	-53	-67	-50	-54	-65
0.0	3.9	-120	-69	-70	-74	-71	-72	-53	-67	-50	-54	-66
0.0	6.0	-120	-69	-72	-72	-68	-59	-57	-67	-49	-54	-66
0.0	6.0	-120	-72	-74	-74	-61	-56	-44	-59	-36	-120	-73
0.0	3.9	-67	-65	-70	-69	-54	-45	-47	-59	-39	-120	-68
0.0	2.0	-67	-63	-71	-76	-60	-55	-45	-59	-38	-120	-68
0.0	0.0	-62	-69	-68	-61	-68	-68	-45	-59	-42	-120	-71
0.0	0.0	-59	-62	-71	-61	-72	-75	-57	-65	-46	-120	-63
0.0	1.6	-60	-66	-71	-77	-72	-69	-54	-67	-52	-59	-63
0.0	3.0	-63	-65	-76	-74	-72	-69	-52	-71	-51	-59	-63
0.0	4.5	-67	-73	-76	-71	-67	-62	-51	-64	-52	-58	-120
0.0	6.0	-66	-75	-76	-73	-67	-66	-57	-63	-45	-60	-120
0.0	6.0	-66	-72	-69	-63	-62	-66	-54	-64	-40	-58	-120
0.0	4.5	-72	-71	-72	-65	-62	-50	-46	-62	-39	-59	-72
0.0	3.0	-72	-68	-70	-64	-59	-51	-45	-64	-44	-60	-72
0.0	1.5	-64	-66	-70	-63	-59	-58	-42	-68	-36	-59	-72
0.0	0.0	-64	-70	-74	-68	-67	-61	-48	-65	-38	-57	-67
0.0	0.0	-62	-65	-74	-76	-74	-61	-53	-65	-56	-57	-67
0.0	1.2	-64	-65	-120	-76	-74	-63	-55	-70	-56	-58	-120
0.0	2.5	-62	-72	-120	-72	-67	-73	-53	-66	-53	-58	-120
0.0	3.5	-73	-75	-120	-72	-71	-60	-53	-65	-50	-58	-120
0.0	4.7	-73	-71	-120	-69	-67	-60	-51	-65	-44	-58	-120
0.0	6.0	-68	-71	-120	-76	-65	-60	-40	-67	-39	-120	-63
0.0	6.0	-64	-75	-75	-62	-56	-57	-46	-66	-37	-120	-77
0.0	4.7	-60	-72	-70	-65	-56	-47	-46	-66	-36	-120	-71
0.0	3.5	-69	-72	-70	-67	-63	-50	-45	-60	-41	-120	-69
0.0	2.4	-69	-68	-71	-61	-65	-57	-48	-69	-38	-120	-71
0.0	1.2	-69	-69	-71	-69	-67	-57	-43	-67	-44	-120	-68
0.0	0.0	-65	-68	-71	-63	-72	-59	-38	-65	-46	-120	-68
0.0	0.0	-58	-63	-73	-77	-83	-77	-58	-67	-46	-120	-58
0.0	1.2	-58	-68	-73	-79	-74	-69	-61	-75	-49	-120	-65
0.0	2.4	-58	-79	-73	-74	-72	-66	-56	-70	-45	-120	-65
0.0	3.6	-78	-79	-73	-74	-69	-66	-58	-70	-48	-120	-65
0.0	4.8	-65	-71	-74	-76	-78	-64	-44	-68	-41	-120	-68
0.0	6.0	-65	-69	-74	-64	-67	-60	-45	-68	-38	-120	-73
0.0	6.0	-62	-69	-74	-63	-62	-48	-48	-67	-38	-120	-73
0.0	4.8	-61	-71	-69	-62	-63	-46	-45	-63	-37	-58	-120
0.0	3.6	-72	-75	-69	-66	-64	-50	-46	-64	-38	-58	-120
0.0	2.4	-72	-75	-70	-64	-61	-62	-42	-63	-37	-54	-120
0.0	1.2	-67	-71	-73	-64	-59	-57	-43	-59	-37	-54	-120
0.0	0.0	-69	-67	-76	-64	-63	-63	-43	-61	-42	-62	-120
0.0	0.0	-58	-62	-72	-77	-72	-63	-56	-61	-50	-53	-120
0.0	1.0	-61	-69	-70	-77	-72	-65	-59	-72	-52	-57	-62
0.0	2.0	-66	-69	-74	-77	-71	-70	-54	-72	-48	-60	-62
0.0	3.0	-72	-77	-74	-71	-69	-68	-50	-63	-53	-60	-62
0.0	4.0	-69	-66	-76	-71	-68	-60	-48	-63	-41	-60	-71
0.0	5.0	-71	-71	-73	-70	-72	-63	-39	-63	-38	-120	-68
0.0	6.0	-65	-76	-73	-71	-64	-61	-37	-62	-38	-120	-68
0.0	6.0	-68	-75	-76	-61	-61	-66	-50	-62	-40	-120	-72
0.0	5.1	-79	-73	-76	-65	-61	-56	-48	-120	-41	-59	-72
0.0	4.0	-63	-70	-69	-66	-61	-53	-44	-120	-42	-59	-71
0.0	3.0	-67	-68	-69	-60	-58	-63	-47	-120	-37	-53	-76
0.0	2.0	-68	-69	-69	-67	-63	-56	-43	-120	-37	-59	-69
0.0	1.0	-60	-72	-69	-66	-60	-75	-37	-120	-49	-58	-70
0.0	0.0	-75	-72	-69	-68	-66	-69	-41	-120	-45	-58	-69
0.0	0.0	-60	-76	-75	-76	-77	-69	-56	-120	-45	-60	-60
0.0	0.9	-73	-68	-78	-79	-71	-67	-56	-120	-49	-57	-67
0.0	1.8	-64	-71	-85	-79	-71	-72	-55	-120	-48	-57	-67
0.0	2.6	-64	-74	-73	-77	-69	-61	-51	-120	-46	-63	-74
0.0	3.4	-61	-68	-73	-74	-67	-59	-43	-120	-42	-58	-74
0.0	4.3	-61	-72	-74	-73	-65	-57	-45	-120	-40	-60	-73
0.0	5.1	-66	-72	-78	-79	-72	-66	-37	-120	-17	-60	-73
0.0	6.0	-70	-72	-71	-65	-67	-54	-46	-65	-17	-60	-73
0.0	6.0	-64	-72	-72	-59	-66	-69	-49	-65	-37	-60	-71
0.0	5.1	-63	-77	-72	-65	-57	-44	-47	-61	-38	-61	-71
0.0	4.3	-63	-66	-72	-62	-65	-57	-47	-66	-37	-56	-73
0.0	3.4	-70	-65	-67	-65	-65	-60	-45	-66	-36	-62	-73
0.0	2.6	-65	-68	-79	-63	-60	-65	-43	-72	-36	-56	-64
0.0	1.7	-67	-69	-78	-68	-61	-63	-37	-59	-53	-60	-73
0.0	0.9	-75	-70	-78	-70	-65	-72	-44	-60	-53	-57	-64
0.0	0.0	-57	-71	-68	-74	-69	-72	-44	-68	-53	-59	-64
0.0	0.0	-74	-66	-73	-73	-77	-72	-56	-68	-53	-59	-64
0.0	0.8	-69	-69	-71	-73	-69	-70	-55	-120	-51	-63	-65
0.0	1.7	-62	-72	-71	-83	-74	-63	-57	-120	-51	-59	-65
0.0	2.5	-64	-72	-75	-77	-68	-70	-51	-120	-51	-55	-65
0.0	3.4	-71	-72	-75	-80	-69	-63	-49	-120	-42	-55	-120
0.0	4.3	-71	-75	-79	-70	-69	-63	-37	-65	-41	-61	-120
0.0	5.1	-71	-77	-77	-69	-65	-65	-41	-65	-39	-61	-120
0.0	6.0	-69	-77	-75	-64	-68	-68	-52	-66	-17	-60	-120
0.0	6.0	-69	-76	-75	-70	-61	-53	-46	-67	-35	-60	-120
0.0	5.2	-120	-68	-75	-62	-60	-46	-46	-64	-35	-120	-72
0.0	4.3	-120	-72	-68	-69	-66	-52	-43	-68	-38	-120	-74
0.0	3.5	-120	-65	-68	-65	-60	-60	-42	-66	-41	-59	-68
0.0	2.6	-120	-68	-68	-63	-69	-64	-45	-63	-36	-59	-68
0.0	1.7	-60	-75	-73	-69	-66	-67	-41	-60	-45	-56	-66
0.0	0.9	-71	-63	-73	-68	-67	-66	-38	-68	-53	-59	-63
0.0	0.0	-61	-75	-72	-68	-62	-66	-45	-62	-51	-58	-70
0.0	0.0	-58	-68	-73	-75	-62	-65	-55	-74	-51	-55	-70
0.0	0.7	-58	-68	-73	-87	-120	-74	-53	-72	-46	-55	-59
0.0	1.5	-68	-68	-73	-71	-120	-66	-57	-71	-50	-55	-66
0.0	2.2	-64	-71	-120	-68	-120	-62	-52	-67	-44	-56	-66
0.0	3.0	-63	-70	-120	-74	-120	-60	-44	-67	-44	-56	-69
0.0	3.7	-72	-69	-120	-68	-120	-64	-38	-67	-39	-60	-67
0.0	4.5	-66	-77	-120	-68	-64	-64	-41	-65	-17	-60	-66
0.0	5.3	-68	-77	-120	-64	-63	-59	-46	-65	-16	-60	-75
0.0	6.0	-73	-74	-120	-61	-58	-54	-50	-62	-19	-60	-75
0.0	6.0	-60	-75	-120	-63	-61	-57	-45	-58	-35	-60	-75
0.0	5.3	-67	-72	-120	-65	-61	-53	-43	-67	-35	-120	-72
0.0	4.5	-64	-66	-120	-63	-59	-57	-43	-58	-37	-120	-72
0.0	3.8	-64	-68	-120	-63	-78	-59	-44	-58	-37	-120	-69
0.0	3.1	-61	-71	-71	-75	-60	-59	-39	-58	-37	-120	-67
0.0	2.3	-61	-70	-71	-75	-63	-61	-36	-62	-51	-120	-70
0.0	1.5	-62	-74	-71	-74	-64	-69	-42	-62	-50	-120	-70
0.0	0.8	-65	-71	-74	-77	-71	-66	-56	-62	-55	-120	-65
0.0	0.0	-70	-69	-66	-67	-70	-70	-52	-59	-56	-120	-72
0.0	0.0	-57	-68	-66	-67	-77	-71	-59	-66	-48	-120	-67
0.0	0.7	-69	-74	-120	-73	-75	-66	-59	-69	-51	-120	-67
0.0	1.4	-70	-71	-120	-74	-71	-68	-58	-68	-51	-120	-69
0.0	2.0	-76	-74	-120	-67	-66	-62	-59	-69	-51	-120	-68
0.0	2.7	-66	-69	-120	-70	-68	-62	-45	-69	-40	-120	-68
0.0	3.3	-67	-69	-120	-69	-66	-61	-38	-63	-40	-120	-68
0.0	4.0	-70	-70	-120	-75	-63	-60	-36	-68	-36	-120	-70
0.0	4.7	-70	-70	-120	-63	-74	-73	-45	-68	-14	-120	-70
0.0	5.3	-70	-70	-73	-64	-59	-52	-47	-68	-14	-61	-71
0.0	6.0	-72	-69	-66	-59	-63	-56	-53	-120	-39	-59	-71
0.0	6.0	-70	-69	-68	-65	-63	-50	-54	-120	-42	-59	-71
0.0	5.4	-62	-76	-68	-61	-60	-47	-46	-63	-36	-52	-69
0.0	4.7	-62	-68	-68	-62	-57	-56	-44	-63	-36	-52	-75
0.0	4.0	-62	-69	-68	-73	-64	-58	-47	-68	-36	-52	-69
0.0	3.4	-60	-72	-120	-69	-64	-63	-37	-59	-42	-120	-69
0.0	2.7	-64	-72	-120	-65	-64	-68	-35	-58	-54	-120	-63
0.0	2.0	-62	-77	-120	-69	-73	-67	-43	-58	-47	-120	-63
0.0	1.4	-66	-65	-120	-72	-69	-72	-57	-63	-52	-120	-65
0.0	0.6	-59	-75	-120	-68	-69	-72	-55	-65	-58	-120	-65
0.0	0.0	-57	-66	-120	-80	-69	-72	-61	-70	-58	-120	-61
0.5	0	-60	-59	-71	-79	-73	-72	-120	-62	-53	-36	-68
0.5	0	-55	-68	-62	-68	-73	-67	-65	-55	-60	-52	-60
0.5	0	-58	-120	-64	-76	-65	-70	-120	-57	-59	-51	-58
0.5	0	-51	-65	-61	-74	-62	-70	-71	-60	-58	-36	-60
0.5	0	-57	-64	-63	-66	-72	-75	-74	-65	-56	-47	-55
0.5	0	-57	-65	-67	-76	-70	-73	-66	-62	-55	-36	-67
0.6	0	-55	-56	-69	-73	-73	-75	-70	-66	-60	-39	-62
0.6	0	-55	-65	-64	-69	-74	-70	-71	-57	-120	-49	-59
0.6	0	-57	-74	-69	-75	-68	-71	-67	-57	-56	-45	-60
0.6	0	-55	-56	-66	-73	-66	-71	-67	-66	-120	-39	-63
0.6	0	-56	-67	-62	-73	-73	-76	-69	-57	-61	-49	-60
0.6	0	-53	-53	-62	-68	-74	-76	-76	-72	-60	-45	-59
0.8	0	-53	-67	-63	-71	-73	-68	-78	-58	-52	-48	-54
0.8	0	-58	-51	-58	-70	-74	-73	-79	-71	-62	-47	-63
0.8	0	-61	-55	-61	-66	-65	-75	-77	-66	-63	-48	-62
0.8	0	-60	-66	-61	-70	-68	-70	-64	-56	-59	-47	-60
0.9	0	-49	-120	-62	-69	-65	-68	-120	-56	-60	-45	-65
0.9	0	-51	-68	-60	-69	-76	-74	-65	-59	-60	-47	-62
0.9	0	-54	-58	-64	-74	-76	-69	-120	-65	-58	-39	-68
0.9	0	-53	-74	-65	-78	-68	-70	-72	-58	-55	-36	-57
1.0	0	-56	-58	-62	-74	-75	-69	-76	-63	-64	-40	-62
1	0.0	-61	-61	-67	-67	-70	-67	-66	-64	-56	-46	-63
1	1.5	-49	-64	-67	-71	-75	-67	-58	-60	-57	-49	-58
1	3.5	-71	-62	-66	-78	-75	-64	-59	-58	-49	-49	-63
1	6.0	-65	-73	-70	-68	-67	-60	-54	-60	-52	-66	-64
1	6.0	-69	-61	-70	-60	-64	-59	-61	-60	-49	-58	-72
1	4.1	-70	-67	-77	-64	-49	-60	-61	-59	-48	-58	-120
1	2.0	-74	-80	-77	-60	-49	-59	-62	-59	-46	-58	-69
1	0.0	-61	-67	-77	-62	-54	-60	-57	-56	-51	-58	-72
1	0.0	-54	-60	-77	-66	-54	-66	-70	-58	-51	-47	-57
1	1.5	-50	-70	-69	-66	-64	-63	-61	-69	-51	-46	-64
1	3.1	-61	-65	-72	-72	-70	-63	-59	-63	-48	-46	-65
1	4.5	-65	-65	-69	-71	-62	-60	-56	-58	-53	-55	-65
1	6.0	-72	-70	-71	-69	-59	-59	-58	-55	-50	-57	-66
1	6.0	-64	-63	-68	-60	-50	-53	-60	-56	-45	-63	-69
1	4.8	-63	-62	-63	-60	-46	-63	-64	-59	-47	-63	-68
1	3.2	-63	-62	-74	-57	-52	-59	-60	-49	-50	-56	-68
1	1.6	-59	-72	-70	-60	-62	-59	-60	-60	-50	-53	-70
1	0.0	-64	-70	-66	-66	-60	-73	-61	-59	-49	-57	-63
1	0.0	-64	-63	-68	-67	-66	-67	-60	-61	-51	-54	-59
1	1.5	-54	-63	-69	-69	-65	-60	-58	-61	-52	-52	-59
1	3.0	-80	-60	-69	-68	-63	-61	-57	-62	-52	-51	-61
1	4.5	-66	-69	-68	-74	-64	-60	-59	-60	-49	-58	-64
1	6.0	-72	-72	-68	-69	-62	-56	-60	-60	-54	-53	-69
1	6.0	-70	-68	-70	-58	-51	-55	-57	-59	-54	-55	-67
1	5.1	-65	-66	-63	-60	-51	-61	-61	-62	-49	-58	-74
1	3.8	-65	-73	-76	-60	-55	-60	-59	-57	-51	-58	-74
1	2.6	-65	-65	-69	-60	-58	-67	-66	-55	-55	-58	-72
1	1.3	-60	-65	-73	-60	-61	-67	-67	-54	-49	-58	-72
1	0.0	-71	-69	-69	-67	-63	-71	-59	-58	-56	-55	-76
1	0.0	-50	-61	-69	-72	-65	-65	-65	-59	-53	-52	-58
1	1.3	-54	-63	-64	-71	-72	-70	-56	-64	-53	-55	-59
1	2.6	-54	-64	-73	-66	-70	-61	-58	-61	-53	-52	-59
1	3.8	-54	-71	-73	-73	-61	-64	-54	-63	-51	-60	-65
1	4.8	-54	-71	-69	-75	-64	-63	-59	-65	-51	-57	-71
1	6.0	-71	-70	-69	-70	-63	-57	-56	-58	-51	-55	-65
1	6.0	-76	-66	-65	-62	-52	-54	-59	-62	-51	-55	-73
1	4.8	-120	-64	-60	-68	-47	-64	-57	-61	-48	-52	-76
1	3.6	-120	-64	-71	-58	-52	-58	-56	-52	-47	-60	-68
1	2.4	-120	-77	-71	-60	-58	-61	-61	-63	-54	-51	-70
1	1.2	-60	-64	-71	-61	-63	-67	-64	-56	-54	-57	-70
1	0.0	-63	-71	-71	-64	-59	-67	-55	-51	-54	-57	-66
1	0.0	-48	-64	-120	-64	-75	-63	-60	-59	-52	-48	-59
1	0.7	-55	-58	-120	-65	-66	-63	-57	-61	-52	-52	-58
1	1.8	-64	-67	-120	-72	-64	-65	-53	-67	-48	-48	-58
1	2.8	-63	-65	-120	-67	-62	-64	-55	-66	-55	-53	-58
1	3.9	-63	-64	-120	-72	-60	-62	-58	-60	-51	-56	-67
1	5.0	-63	-72	-120	-71	-60	-62	-55	-61	-45	-63	-70
1	6.0	-78	-67	-120	-70	-65	-55	-57	-60	-49	-60	-70
1	6.0	-62	-67	-120	-56	-51	-57	-60	-57	-51	-55	-71
1	5.2	-62	-67	-62	-63	-49	-61	-59	-56	-42	-58	-80
1	4.1	-61	-70	-62	-58	-55	-60	-58	-57	-48	-56	-68
1	3.1	-64	-77	-64	-60	-55	-60	-66	-55	-54	-56	-73
1	2.1	-59	-64	-65	-58	-58	-60	-59	-54	-48	-56	-73
1	1.1	-63	-72	-60	-59	-64	-67	-59	-54	-56	-56	-69
1	0.0	-57	-76	-64	-63	-64	-70	-55	-57	-49	-52	-68
1	0.0	-53	-67	-64	-63	-66	-68	-62	-60	-50	-50	-59
1	0.7	-57	-60	-72	-67	-71	-61	-60	-59	-53	-51	-58
1	1.6	-58	-57	-74	-68	-66	-67	-58	-56	-51	-50	-64
1	2.5	-63	-60	-74	-74	-64	-64	-55	-65	-51	-51	-61
1	3.4	-65	-64	-64	-70	-59	-58	-55	-63	-51	-50	-63
1	4.2	-65	-69	-64	-65	-71	-58	-58	-62	-45	-50	-70
1	5.1	-67	-67	-64	-73	-58	-58	-61	-59	-43	-57	-74
1	6.0	-67	-68	-71	-68	-60	-59	-50	-66	-44	-60	-72
1	6.0	-64	-69	-63	-66	-48	-58	-68	-60	-47	-60	-72
1	5.2	-67	-67	-65	-63	-45	-58	-59	-60	-47	-52	-73
1	4.4	-64	-67	-68	-58	-53	-56	-58	-61	-47	-52	-73
1	3.4	-68	-67	-73	-61	-53	-61	-60	-53	-47	-53	-68
1	2.6	-57	-69	-67	-62	-59	-65	-64	-49	-57	-53	-70
1	1.7	-57	-71	-64	-60	-67	-65	-59	-55	-55	-55	-70
1	0.8	-67	-59	-69	-61	-63	-67	-59	-58	-55	-50	-69
1	0.0	-59	-64	-70	-67	-67	-75	-64	-56	-53	-54	-71
1	0.0	-52	-66	-67	-68	-67	-75	-68	-62	-53	-54	-71
1	0.9	-55	-66	-62	-71	-65	-68	-56	-61	-52	-49	-65
1	1.7	-63	-67	-78	-72	-68	-61	-63	-58	-48	-54	-68
1	2.6	-63	-67	-70	-72	-66	-59	-58	-59	-56	-60	-68
1	3.4	-63	-71	-69	-68	-60	-60	-61	-62	-46	-58	-68
1	4.3	-63	-68	-73	-68	-63	-62	-54	-56	-47	-60	-68
1	5.2	-63	-66	-73	-65	-61	-65	-58	-58	-50	-60	-72
1	6.0	-72	-73	-73	-72	-62	-61	-55	-60	-50	-61	-72
1	6.0	-63	-70	-73	-58	-48	-54	-61	-59	-48	-59	-77
1	5.2	-62	-66	-120	-57	-49	-59	-60	-57	-49	-52	-71
1	4.3	-65	-71	-120	-56	-49	-60	-58	-56	-49	-61	-71
1	3.4	-65	-66	-120	-61	-61	-66	-57	-54	-51	-53	-72
1	2.6	-61	-69	-120	-60	-58	-66	-62	-52	-46	-54	-69
1	1.7	-61	-69	-70	-60	-65	-65	-62	-53	-46	-55	-68
1	0.9	-64	-66	-70	-63	-65	-65	-58	-53	-53	-50	-67
1	0.0	-63	-62	-66	-63	-65	-66	-56	-54	-51	-54	-63
1	0.0	-52	-60	-66	-68	-61	-71	-60	-59	-51	-54	-62
1	0.6	-51	-66	-66	-69	-64	-72	-54	-65	-53	-53	-62
1	1.4	-59	-63	-74	-69	-64	-60	-58	-57	-53	-53	-65
1	2.1	-70	-72	-68	-63	-73	-65	-55	-59	-53	-54	-64
1	2.9	-64	-62	-68	-81	-59	-58	-50	-62	-53	-48	-69
1	3.7	-67	-67	-77	-70	-55	-56	-57	-58	-53	-54	-66
1	4.4	-67	-67	-69	-71	-62	-67	-50	-61	-41	-57	-73
1	5.2	-69	-62	-69	-67	-62	-59	-52	-61	-42	-56	-73
1	6.0	-71	-72	-78	-68	-55	-69	-54	-58	-42	-59	-74
1	6.0	-71	-72	-69	-57	-49	-62	-58	-60	-46	-58	-74
1	5.2	-65	-63	-63	-74	-46	-63	-61	-57	-49	-56	-71
1	4.5	-65	-69	-69	-60	-58	-56	-58	-52	-49	-57	-72
1	3.8	-65	-68	-72	-67	-56	-58	-61	-54	-58	-54	-72
1	3.0	-60	-65	-71	-60	-64	-60	-64	-50	-60	-53	-72
1	2.2	-60	-69	-70	-65	-62	-64	-62	-50	-60	-55	-66
1	1.5	-58	-70	-62	-68	-68	-68	-64	-59	-51	-56	-66
1	0.8	-62	-60	-71	-60	-80	-63	-59	-57	-47	-51	-66
1	0.0	-58	-62	-66	-65	-65	-63	-56	-59	-47	-51	-63
1	0.0	-49	-66	-66	-66	-67	-65	-66	-58	-52	-50	-58
1	0.7	-52	-66	-73	-69	-62	-68	-54	-62	-52	-50	-58
1	1.5	-52	-66	-73	-64	-67	-61	-62	-56	-50	-51	-61
1	2.3	-71	-65	-69	-65	-72	-60	-55	-55	-53	-59	-63
1	3.0	-71	-69	-65	-70	-65	-57	-59	-59	-53	-52	-70
1	3.7	-64	-65	-65	-70	-61	-59	-55	-57	-46	-52	-70
1	4.5	-66	-70	-69	-69	-59	-53	-53	-57	-46	-55	-65
1	5.3	-68	-66	-72	-64	-62	-58	-49	-60	-47	-55	-71
1	6.0	-71	-73	-72	-60	-57	-51	-54	-55	-54	-55	-68
1	6.0	-68	-68	-72	-75	-52	-60	-69	-69	-52	-59	-71
1	5.4	-76	-68	-72	-69	-49	-68	-66	-63	-51	-63	-84
1	4.7	-61	-67	-68	-61	-72	-60	-55	-52	-45	-59	-71
1	4.0	-61	-71	-68	-59	-55	-61	-66	-56	-51	-56	-71
1	3.4	-59	-62	-69	-65	-57	-62	-59	-55	-51	-51	-68
1	2.7	-60	-69	-65	-60	-65	-67	-60	-54	-48	-57	-71
1	2.0	-59	-63	-80	-62	-58	-65	-58	-52	-43	-53	-71
1	1.4	-59	-60	-68	-65	-65	-66	-57	-59	-50	-54	-62
1	0.7	-56	-66	-68	-67	-70	-64	-62	-56	-53	-48	-67
1	0.0	-59	-63	-66	-59	-70	-70	-58	-55	-53	-45	-67
1	0.0	-70	-65	-69	-71	-74	-77	-71	-59	-53	-53	-56
1	0.6	-61	-63	-74	-70	-66	-70	-67	-65	-57	-47	-62
1	1.3	-61	-65	-71	-67	-68	-65	-60	-58	-58	-59	-62
1	2.0	-61	-71	-70	-69	-71	-68	-63	-60	-58	-59	-62
1	2.6	-71	-85	-74	-72	-64	-64	-60	-60	-55	-59	-72
1	3.3	-72	-84	-67	-70	-63	-64	-73	-58	-53	-59	-70
1	4.0	-74	-69	-73	-69	-64	-60	-62	-61	-55	-65	-77
1	4.6	-74	-71	-73	-71	-68	-66	-59	-58	-54	-65	-75
1	5.3	-76	-71	-80	-65	-64	-58	-63	-67	-59	-65	-75
1	6.0	-79	-76	-78	-65	-57	-62	-60	-69	-59	-72	-78
1	6.0	-69	-66	-71	-78	-60	-57	-62	-70	-46	-72	-80
1	5.4	-73	-71	-120	-68	-56	-68	-62	-81	-44	-58	-83
1	4.7	-71	-75	-120	-75	-61	-68	-62	-60	-52	-61	-75
1	4.0	-71	-77	-120	-72	-67	-61	-66	-68	-56	-58	-77
1	3.3	-71	-80	-120	-72	-69	-71	-63	-63	-47	-58	-73
1	2.6	-61	-74	-120	-75	-71	-71	-63	-62	-55	-59	-78
1	2.0	-65	-75	-120	-75	-69	-71	-58	-62	-50	-57	-75
1	1.3	-70	-67	-120	-72	-75	-75	-61	-65	-55	-61	-75
1	0.6	-66	-73	-120	-72	-75	-72	-62	-62	-60	-66	-72
1	0.0	-60	-71	-120	-72	-75	-72	-64	-62	-68	-56	-78
1.0	0	-54	-65	-61	-68	-68	-67	-74	-61	-62	-50	-55
1.0	0	-59	-71	-69	-69	-77	-76	-120	-56	-57	-48	-58
1.0	0	-57	-51	-55	-71	-74	-77	-72	-65	-56	-46	-60
1.1	0	-59	-65	-65	-68	-71	-72	-67	-61	-55	-50	-60
1.2	0	-52	-58	-60	-66	-70	-70	-70	-65	-58	-46	-59
1.2	0	-66	-64	-64	-69	-69	-68	-73	-60	-120	-47	-68
1.2	0	-53	-58	-58	-64	-80	-76	-72	-68	-120	-43	-58
1.3	0	-55	-66	-65	-72	-65	-68	-69	-59	-61	-46	-61
1.3	0	-53	-50	-62	-72	-72	-75	-75	-63	-65	-44	-63
1.3	0	-52	-66	-60	-71	-72	-70	-61	-65	-58	-46	-59
1.3	0	-49	-120	-67	-69	-69	-69	-66	-66	-57	-44	-64
1.3	0	-63	-61	-63	-69	-75	-71	-60	-59	-55	-50	-62
1.3	0	-59	-60	-63	-74	-85	-76	-76	-67	-62	-37	-60
1.4	0	-55	-55	-61	-74	-76	-74	-120	-65	-63	-40	-68
1.4	0	-60	-44	-63	-66	-73	-73	-73	-69	-59	-52	-59
1.5	0	-55	-58	-58	-88	-75	-77	-76	-66	-64	-47	-56
1.5	0	-57	-71	-61	-68	-67	-69	-67	-63	-56	-45	-70
1.6	0	-54	-63	-61	-65	-69	-67	-66	-60	-59	-46	-62
1.6	0	-61	-65	-71	-68	-66	-68	-66	-60	-62	-47	-67
1.6	0	-59	-46	-55	-71	-75	-72	-120	-66	-62	-48	-62
1.6	0	-62	-46	-61	-81	-69	-75	-73	-66	-60	-46	-58
1.7	0	-50	-71	-72	-68	-73	-67	-62	-64	-55	-47	-63
1.7	0	-51	-62	-63	-69	-69	-74	-66	-62	-120	-45	-66
1.7	0	-57	-52	-55	-68	-76	-74	-72	-60	-120	-47	-62
1.7	0	-56	-58	-60	-63	-63	-76	-70	-66	-63	-48	-58
1.8	0	-51	-66	-60	-71	-69	-71	-61	-60	-55	-48	-62
1.8	0	-43	-120	-61	-69	-69	-67	-66	-60	-55	-41	-60
1.8	0	-61	-55	-59	-64	-70	-72	-120	-68	-64	-45	-60
1.8	0	-55	-61	-73	-70	-78	-74	-76	-67	-62	-42	-59
2.0	0	-56	-45	-55	-68	-70	-75	-72	-66	-65	-46	-60
2.0	0	-59	-62	-64	-68	-69	-66	-120	-59	-56	-45	-64
2.0	0	-55	-53	-60	-88	-65	-79	-73	-66	-64	-49	-60
2.0	0	-51	-63	-61	-70	-68	-69	-64	-58	-57	-45	-70
2.0	0	-54	-65	-66	-72	-70	-71	-68	-60	-56	-46	-61
2.0	5.0	-120	-69	-64	-58	-57	-72	-67	-55	-56	-55	-76
2.0	4.5	-70	-65	-59	-55	-56	-63	-67	-54	-56	-53	-120
2.0	3.9	-61	-64	-62	-59	-67	-68	-67	-45	-54	-54	-120
2.0	3.4	-63	-61	-62	-68	-67	-69	-62	-49	-58	-53	-120
2.0	2.8	-64	-63	-59	-59	-68	-68	-62	-46	-58	-54	-120
2.0	2.2	-61	-68	-59	-62	-75	-71	-71	-50	-56	-49	-120
2.0	1.7	-60	-70	-52	-71	-67	-77	-71	-51	-53	-42	-69
2.0	1.1	-56	-58	-63	-72	-71	-70	-71	-59	-61	-43	-60
2.0	0.6	-55	-56	-61	-82	-71	-70	-73	-64	-62	-39	-63
2.0	0.0	-53	-57	-56	-75	-74	-69	-64	-61	-62	-44	-55
2.0	0.0	-46	-66	-62	-69	-65	-62	-66	-53	-61	-40	-61
2.0	0.5	-49	-59	-74	-68	-64	-67	-64	-51	-61	-51	-63
2.0	1.1	-57	-61	-61	-71	-64	-60	-69	-46	-61	-53	-65
2.0	1.7	-57	-60	-61	-71	-61	-67	-71	-45	-61	-55	-71
2.0	2.2	-57	-69	-66	-65	-57	-64	-66	-43	-61	-57	-71
2.0	2.8	-57	-71	-60	-67	-53	-65	-66	-40	-55	-56	-71
2.0	3.4	-120	-75	-60	-65	-57	-61	-66	-47	-54	-55	-71
2.0	3.9	-120	-75	-62	-58	-60	-63	-67	-47	-54	-58	-76
2.0	4.5	-120	-75	-62	-56	-58	-68	-60	-56	-55	-58	-76
2.0	5.0	-120	-75	-63	-58	-51	-56	-61	-57	-56	-61	-76
2.0	5.0	-46	-66	-62	-69	-65	-62	-66	-53	-61	-40	-61
2.0	4.5	-49	-59	-74	-68	-64	-67	-64	-51	-61	-51	-63
2.0	3.9	-57	-61	-61	-71	-64	-60	-69	-46	-61	-53	-65
2.0	3.3	-57	-60	-61	-71	-61	-67	-71	-45	-61	-55	-71
2.0	2.8	-57	-69	-66	-65	-57	-64	-66	-43	-61	-57	-71
2.0	2.2	-57	-71	-60	-67	-53	-65	-66	-40	-55	-56	-71
2.0	1.6	-120	-75	-60	-65	-57	-61	-66	-47	-54	-55	-71
2.0	1.1	-120	-75	-62	-58	-60	-63	-67	-47	-54	-58	-76
2.0	0.5	-120	-75	-62	-56	-58	-68	-60	-56	-55	-58	-76
2.0	0.0	-120	-75	-63	-58	-51	-56	-61	-57	-56	-61	-76
2.0	0.0	-46	-63	-61	-68	-65	-62	-69	-54	-59	-43	-61
2.0	0.6	-48	-59	-59	-76	-72	-68	-67	-49	-54	-46	-63
2.0	1.2	-59	-66	-59	-69	-61	-67	-69	-45	-53	-53	-63
2.0	1.9	-62	-73	-65	-72	-61	-65	-68	-52	-58	-51	-70
2.0	2.5	-61	-74	-66	-69	-61	-62	-72	-51	-53	-58	-70
2.0	3.2	-61	-75	-60	-64	-57	-64	-62	-40	-60	-57	-70
2.0	3.8	-64	-74	-60	-62	-59	-65	-61	-44	-51	-59	-73
2.0	4.4	-64	-78	-60	-63	-56	-60	-76	-52	-51	-60	-73
2.0	5.0	-64	-73	-67	-58	-60	-61	-58	-59	-58	-61	-73
2.0	5.0	-65	-63	-60	-54	-54	-63	-70	-54	-49	-55	-69
2.0	4.4	-64	-64	-54	-55	-59	-64	-70	-52	-61	-56	-76
2.0	3.8	-60	-64	-67	-62	-59	-66	-75	-46	-61	-52	-72
2.0	3.1	-59	-60	-59	-64	-67	-70	-75	-44	-61	-54	-69
2.0	2.5	-61	-62	-57	-57	-67	-71	-75	-47	-58	-53	-71
2.0	1.9	-61	-72	-61	-63	-69	-74	-64	-47	-59	-54	-75
2.0	1.2	-66	-61	-68	-78	-66	-70	-64	-50	-66	-45	-70
2.0	0.6	-66	-62	-62	-70	-72	-72	-64	-60	-61	-42	-69
2.0	0.0	-58	-55	-62	-70	-69	-71	-71	-58	-61	-43	-61
2.0	0.0	-48	-65	-60	-74	-73	-63	-66	-52	-61	-47	-62
2.0	0.6	-51	-61	-60	-66	-66	-67	-66	-51	-53	-54	-66
2.0	1.2	-57	-57	-67	-69	-61	-61	-72	-46	-56	-55	-67
2.0	1.9	-70	-73	-66	-66	-59	-64	-65	-51	-57	-54	-67
2.0	2.5	-63	-79	-71	-67	-59	-61	-59	-46	-52	-54	-73
2.0	3.1	-63	-72	-59	-67	-55	-68	-63	-45	-57	-57	-73
2.0	3.8	-62	-73	-72	-61	-63	-63	-63	-45	-57	-60	-78
2.0	4.4	-64	-73	-63	-59	-59	-60	-69	-58	-57	-58	-78
2.0	5.0	-69	-81	-65	-59	-58	-65	-62	-55	-57	-59	-78
2.0	5.0	-70	-64	-62	-55	-59	-79	-61	-49	-52	-54	-120
2.0	4.3	-60	-66	-55	-50	-59	-66	-63	-50	-61	-55	-120
2.0	3.5	-64	-61	-61	-50	-63	-67	-63	-46	-60	-53	-120
2.0	2.8	-62	-60	-61	-50	-65	-70	-63	-50	-57	-54	-67
2.0	2.1	-61	-74	-60	-62	-64	-75	-63	-40	-58	-55	-66
2.0	1.4	-60	-73	-79	-63	-69	-69	-63	-47	-57	-50	-71
2.0	0.7	-67	-63	-56	-71	-66	-71	-72	-52	-58	-42	-66
2.0	0.0	-61	-58	-60	-68	-73	-76	-72	-61	-58	-40	-64
2.0	0.0	-54	-59	-59	-78	-69	-68	-77	-52	-62	-42	-120
2.0	0.7	-49	-61	-64	-71	-65	-76	-77	-51	-62	-50	-120
2.0	1.4	-64	-64	-60	-71	-62	-63	-67	-49	-60	-52	-120
2.0	2.1	-61	-84	-58	-68	-62	-69	-67	-60	-57	-54	-120
2.0	2.9	-61	-64	-58	-79	-58	-63	-63	-44	-52	-54	-120
2.0	3.6	-61	-74	-66	-67	-57	-64	-61	-42	-52	-58	-120
2.0	4.3	-69	-70	-61	-61	-64	-62	-61	-53	-55	-60	-120
2.0	5.0	-65	-70	-61	-57	-60	-61	-70	-54	-55	-55	-120
2.0	5.0	-66	-66	-59	-70	-58	-62	-76	-54	-54	-57	-72
2.0	4.1	-79	-69	-58	-61	-63	-62	-74	-60	-57	-58	-72
2.0	3.3	-62	-65	-63	-63	-62	-70	-74	-53	-57	-57	-72
2.0	2.5	-60	-65	-63	-59	-62	-66	-74	-40	-57	-54	-120
2.0	1.7	-62	-62	-58	-62	-67	-69	-64	-40	-60	-56	-120
2.0	0.8	-63	-73	-56	-63	-65	-70	-66	-45	-60	-54	-120
2.0	0.0	-63	-60	-56	-63	-66	-74	-68	-54	-62	-44	-120
2.0	0.0	-51	-62	-61	-75	-67	-62	-65	-51	-56	-45	-59
2.0	0.8	-47	-62	-59	-120	-63	-65	-72	-54	-48	-48	-63
2.0	1.6	-60	-62	-61	-120	-64	-64	-64	-48	-59	-50	-63
2.0	2.4	-58	-70	-61	-120	-61	-68	-69	-47	-59	-51	-63
2.0	3.3	-61	-73	-76	-120	-60	-67	-61	-45	-51	-54	-63
2.0	4.1	-64	-76	-60	-69	-60	-64	-61	-42	-53	-57	-78
2.0	5.0	-64	-70	-60	-71	-62	-69	-61	-47	-56	-59	-75
2.0	5.0	-77	-63	-61	-55	-58	-63	-62	-54	-53	-57	-71
2.0	4.0	-71	-62	-61	-66	-50	-68	-64	-54	-53	-57	-77
2.0	3.0	-63	-61	-60	-66	-65	-67	-64	-46	-55	-55	-72
2.0	2.0	-74	-60	-60	-66	-68	-67	-63	-41	-55	-52	-69
2.0	1.0	-62	-64	-61	-58	-65	-70	-64	-46	-55	-55	-75
2.0	0.0	-62	-77	-59	-65	-70	-75	-64	-47	-57	-52	-75
2.0	0.0	-43	-62	-59	-71	-68	-63	-65	-51	-120	-40	-57
2.0	0.8	-47	-59	-60	-71	-67	-66	-75	-49	-50	-46	-61
2.0	1.6	-58	-64	-64	-72	-64	-62	-75	-51	-53	-52	-72
2.0	2.5	-58	-70	-64	-76	-56	-64	-67	-41	-59	-52	-72
2.0	3.3	-63	-72	-74	-70	-56	-63	-60	-43	-59	-53	-78
2.0	4.1	-64	-72	-58	-65	-60	-64	-62	-44	-57	-55	-74
2.0	5.0	-64	-72	-64	-61	-61	-61	-62	-45	-57	-55	-76
2.0	5.0	-63	-64	-61	-59	-61	-61	-60	-55	-53	-58	-68
2.0	4.0	-61	-64	-60	-52	-63	-64	-70	-49	-120	-55	-75
2.0	3.0	-58	-62	-61	-58	-64	-68	-68	-46	-120	-54	-75
2.0	1.9	-58	-63	-62	-63	-67	-69	-65	-42	-120	-54	-69
2.0	0.9	-63	-63	-71	-61	-72	-72	-63	-39	-120	-55	-69
2.0	0.0	-63	-68	-56	-69	-65	-76	-63	-45	-120	-52	-75
2.0	0.0	-120	-60	-65	-72	-74	-78	-72	-51	-58	-43	-59
2.0	1.0	-48	-60	-61	-75	-65	-78	-72	-49	-120	-48	-66
2.0	2.0	-59	-64	-63	-72	-61	-61	-72	-51	-56	-51	-62
2.0	3.0	-57	-61	-67	-67	-58	-66	-73	-48	-54	-53	-69
2.0	4.0	-65	-61	-60	-67	-58	-65	-63	-44	-54	-51	-73
2.0	5.0	-63	-69	-64	-69	-54	-62	-60	-45	-53	-55	-73
2.0	5.0	-63	-66	-63	-60	-59	-60	-73	-56	-55	-58	-120
2.0	4.0	-120	-64	-60	-57	-60	-65	-67	-55	-55	-59	-120
2.0	3.0	-120	-65	-60	-61	-62	-69	-70	-49	-55	-55	-120
2.0	2.0	-120	-69	-60	-61	-64	-73	-75	-47	-60	-55	-120
2.0	1.0	-120	-61	-58	-61	-67	-71	-75	-47	-58	-59	-120
2.0	0.0	-120	-74	-57	-73	-67	-68	-78	-43	-58	-56	-69
2.0	0.0	-48	-59	-60	-70	-68	-65	-63	-55	-59	-44	-71
2.0	1.2	-55	-59	-72	-67	-75	-65	-63	-53	-59	-51	-120
2.0	2.5	-66	-62	-63	-70	-58	-59	-63	-54	-59	-52	-120
2.0	3.8	-58	-68	-66	-72	-65	-66	-59	-48	-47	-52	-120
2.0	5.0	-63	-68	-76	-74	-62	-60	-60	-43	-47	-54	-120
2.0	5.0	-65	-62	-58	-66	-55	-66	-77	-52	-50	-59	-68
2.0	3.7	-65	-65	-58	-59	-59	-60	-77	-51	-50	-58	-73
2.0	2.5	-63	-63	-64	-58	-66	-64	-68	-46	-60	-54	-73
2.0	1.3	-64	-70	-64	-60	-73	-74	-70	-47	-61	-52	-72
2.0	0.0	-63	-70	-59	-61	-68	-74	-63	-48	-61	-55	-71
2.0	0.0	-120	-62	-61	-60	-63	-64	-64	-53	-60	-42	-54
2.0	1.2	-66	-60	-64	-67	-63	-73	-69	-51	-64	-46	-64
2.0	2.5	-59	-64	-62	-76	-60	-63	-72	-55	-61	-51	-62
2.0	3.9	-61	-68	-63	-70	-61	-69	-72	-46	-59	-51	-71
2.0	5.0	-61	-62	-61	-66	-59	-65	-63	-42	-51	-50	-70
2.0	5.0	-120	-66	-58	-55	-58	-61	-79	-55	-48	-58	-68
2.0	3.3	-120	-63	-63	-58	-62	-62	-73	-51	-55	-58	-68
2.0	1.6	-120	-65	-61	-60	-60	-70	-73	-47	-55	-57	-68
2.0	0.0	-120	-65	-64	-60	-61	-69	-68	-43	-55	-53	-70
2.0	0.0	-52	-57	-66	-68	-77	-70	-120	-57	-58	-44	-120
2.0	1.6	-46	-60	-61	-76	-77	-64	-69	-54	-54	-49	-64
2.0	3.4	-58	-61	-61	-84	-60	-61	-70	-46	-54	-50	-67
2.0	5.0	-57	-63	-61	-75	-63	-68	-70	-50	-59	-52	-68
2.0	5.0	-74	-62	-60	-57	-57	-63	-69	-53	-50	-55	-69
2.0	3.3	-74	-63	-55	-61	-63	-67	-120	-58	-50	-60	-120
2.0	1.7	-64	-62	-58	-64	-60	-64	-120	-49	-54	-50	-120
2.0	0.0	-64	-59	-58	-66	-69	-71	-120	-47	-58	-54	-120
2.0	0.0	-46	-61	-69	-69	-64	-66	-69	-51	-120	-43	-58
2.0	1.6	-52	-59	-61	-69	-64	-68	-68	-54	-53	-48	-58
2.0	3.3	-58	-62	-60	-73	-60	-61	-67	-46	-57	-52	-67
2.0	5.0	-67	-69	-61	-72	-59	-65	-69	-45	-57	-53	-69
2.1	0	-56	-43	-60	-71	-68	-77	-81	-72	-56	-49	-58
2.2	0	-55	-61	-66	-69	-69	-70	-69	-57	-55	-41	-60
2.2	0	-57	-57	-58	-71	-70	-76	-120	-64	-61	-46	-60
2.2	0	-43	-61	-61	-76	-71	-72	-65	-55	-55	-45	-58
2.3	0	-56	-54	-60	-69	-75	-75	-75	-69	-62	-47	-60
2.3	0	-59	-44	-56	-69	-70	-76	-70	-64	-63	-45	-66
2.3	0	-45	-64	-62	-68	-66	-68	-62	-61	-55	-46	-64
2.3	0	-50	-66	-64	-69	-67	-64	-65	-62	-120	-43	-70
2.3	0	-61	-45	-52	-72	-74	-74	-72	-64	-120	-46	-61
2.3	0	-72	-44	-65	-68	-71	-69	-70	-69	-62	-52	-61
2.4	0	-57	-43	-60	-69	-75	-78	-72	-66	-60	-50	-60
2.4	0	-48	-63	-65	-66	-70	-69	-67	-62	-52	-45	-60
2.4	0	-58	-63	-71	-68	-65	-73	-61	-61	-62	-45	-63
2.5	0	-59	-46	-53	-69	-73	-74	-75	-67	-58	-46	-60
2.5	0	-45	-61	-62	-69	-67	-79	-62	-59	-53	-44	-57
2.6	0	-64	-52	-61	-71	-67	-70	-67	-63	-60	-51	-61
2.6	0	-60	-45	-58	-63	-70	-79	-70	-68	-60	-53	-60
2.6	0	-57	-61	-62	-79	-72	-72	-66	-61	-59	-42	-53
2.7	0	-57	-63	-67	-68	-71	-68	-66	-60	-55	-47	-70
2.7	0	-60	-44	-59	-69	-76	-75	-77	-63	-62	-45	-59
2.7	0	-62	-44	-57	-70	-76	-73	-120	-62	-65	-51	-58
2.7	0	-45	-59	-60	-71	-67	-74	-69	-56	-57	-42	-58
2.7	0	-48	-63	-61	-66	-65	-64	-65	-56	-56	-45	-61
2.8	0	-45	-58	-70	-78	-67	-71	-66	-58	-56	-46	-59
2.8	0	-61	-42	-55	-69	-70	-76	-71	-64	-57	-52	-63
2.9	0	-58	-45	-58	-67	-72	-73	-72	-62	-120	-47	-62
2.9	0	-52	-61	-62	-68	-66	-70	-63	-61	-49	-42	-64
3.0	0	-44	-65	-61	-73	-67	-71	-62	-55	-53	-40	-55
3.0	0	-57	-64	-71	-71	-75	-70	-120	-60	-56	-46	-58
3	5.0	-70	-62	-57	-48	-64	-67	-70	-63	-60	-53	-69
3	3.4	-71	-59	-58	-48	-71	-65	-70	-58	-58	-56	-68
3	1.7	-64	-63	-53	-53	-67	-66	-68	-57	-61	-53	-68
3	0.0	-67	-59	-52	-58	-67	-74	-75	-59	-61	-52	-62
3	0.0	-64	-48	-60	-59	-67	-74	-71	-60	-58	-48	-55
3	1.8	-69	-57	-60	-63	-71	-76	-74	-63	-54	-42	-52
3	3.2	-69	-54	-50	-63	-75	-67	-74	-57	-60	-48	-52
3	5.0	-59	-58	-59	-62	-64	-66	-71	-54	-60	-45	-68
3	5.0	-65	-61	-59	-46	-67	-72	-72	-56	-59	-49	-68
3	3.3	-66	-60	-52	-53	-67	-72	-68	-57	-58	-57	-120
3	1.7	-70	-58	-44	-58	-72	-67	-66	-61	-60	-52	-120
3	0.0	-70	-60	-55	-61	-72	-67	-68	-65	-60	-56	-120
3	0.0	-66	-52	-61	-61	-64	-77	-68	-60	-58	-56	-54
3	1.3	-64	-51	-60	-66	-64	-77	-74	-64	-58	-120	-53
3	2.5	-69	-52	-54	-71	-64	-70	-84	-60	-57	-120	-58
3	3.7	-70	-62	-56	-67	-69	-67	-66	-54	-57	-120	-70
3	5.0	-64	-60	-56	-60	-62	-69	-71	-54	-60	-120	-69
3	5.0	-67	-75	-57	-45	-62	-69	-72	-65	-60	-120	-69
3	3.8	-69	-58	-56	-53	-77	-69	-66	-58	-60	-120	-68
3	2.5	-69	-58	-58	-60	-67	-73	-70	-60	-60	-120	-65
3	1.3	-63	-65	-53	-63	-67	-73	-73	-57	-60	-120	-64
3	0.0	-74	-56	-50	-59	-67	-71	-73	-60	-61	-120	-58
3	0.0	-59	-48	-55	-69	-67	-77	-69	-57	-60	-120	-60
3	1.0	-64	-50	-71	-62	-65	-77	-76	-61	-60	-45	-52
3	1.9	-67	-62	-71	-63	-63	-78	-67	-56	-61	-45	-58
3	3.0	-63	-67	-53	-61	-69	-65	-74	-54	-68	-56	-58
3	4.0	-63	-62	-56	-54	-64	-68	-71	-57	-68	-51	-66
3	5.0	-63	-66	-57	-58	-64	-69	-69	-51	-57	-58	-74
3	5.0	-63	-63	-57	-54	-65	-67	-69	-58	-59	-60	-68
3	4.0	-120	-64	-51	-51	-76	-71	-73	-61	-59	-54	-67
3	3.0	-120	-57	-47	-56	-70	-71	-66	-61	-63	-51	-64
3	2.0	-120	-54	-52	-56	-73	-75	-72	-63	-59	-52	-64
3	1.0	-120	-54	-56	-55	-68	-75	-68	-68	-60	-47	-56
3	0.0	-63	-54	-51	-72	-70	-74	-77	-62	-68	-53	-61
3	0.0	-61	-51	-57	-60	-65	-75	-66	-65	-68	-43	-56
3	0.8	-59	-51	-61	-59	-65	-75	-71	-61	-62	-47	-57
3	1.8	-64	-56	-59	-59	-63	-75	-74	-56	-62	-42	-57
3	2.9	-69	-66	-52	-62	-62	-66	-70	-52	-62	-44	-65
3	3.9	-64	-56	-54	-60	-69	-68	-70	-51	-56	-52	-64
3	5.0	-65	-68	-56	-58	-66	-71	-69	-52	-56	-50	-66
3	5.0	-66	-63	-58	-46	-63	-69	-70	-57	-60	-59	-68
3	4.0	-120	-61	-53	-50	-92	-65	-64	-62	-59	-55	-72
3	3.0	-120	-59	-49	-58	-92	-71	-68	-60	-61	-52	-66
3	2.0	-120	-60	-54	-57	-92	-76	-68	-57	-59	-53	-66
3	1.0	-120	-52	-49	-61	-69	-74	-74	-56	-63	-49	-59
3	0.0	-120	-56	-50	-66	-69	-72	-77	-59	-63	-50	-59
3	0.0	-120	-51	-58	-59	-66	-73	-70	-60	-63	-55	-56
3	0.8	-120	-52	-61	-62	-75	-81	-72	-60	-57	-42	-55
3	1.6	-120	-62	-56	-60	-69	-71	-79	-57	-58	-43	-65
3	2.4	-120	-60	-60	-61	-62	-66	-74	-53	-65	-48	-64
3	3.3	-120	-60	-59	-61	-63	-76	-71	-51	-60	-53	-67
3	4.1	-120	-65	-63	-57	-61	-68	-71	-52	-59	-53	-74
3	5.0	-120	-72	-62	-51	-62	-65	-69	-54	-59	-55	-73
3	5.0	-120	-60	-58	-46	-67	-69	-74	-60	-62	-52	-73
3	4.3	-120	-67	-59	-48	-61	-75	-69	-55	-62	-51	-69
3	3.5	-120	-62	-54	-54	-61	-73	-70	-56	-63	-48	-69
3	2.6	-120	-56	-53	-67	-72	-75	-71	-56	-63	-51	-60
3	1.8	-120	-56	-60	-58	-71	-76	-71	-54	-64	-48	-64
3	0.9	-120	-55	-47	-62	-69	-76	-71	-59	-63	-52	-62
3	0.0	-120	-51	-51	-70	-74	-79	-74	-62	-59	-55	-61
3	0.0	-120	-51	-60	-61	-64	-80	-74	-60	-59	-55	-57
3	0.7	-68	-50	-62	-61	-64	-69	-69	-65	-57	-42	-57
3	1.4	-68	-55	-59	-62	-60	-70	-71	-59	-58	-45	-61
3	2.1	-60	-63	-57	-63	-64	-64	-66	-51	-66	-51	-65
3	2.9	-67	-56	-61	-59	-62	-62	-77	-56	-63	-55	-65
3	3.6	-67	-64	-58	-59	-63	-66	-61	-53	-61	-55	-74
3	4.3	-82	-70	-60	-52	-62	-65	-63	-54	-60	-59	-78
3	5.0	-80	-69	-62	-51	-62	-64	-61	-52	-51	-62	-72
3	5.0	-80	-60	-58	-48	-67	-69	-75	-66	-51	-52	-72
3	4.3	-79	-60	-56	-54	-68	-81	-66	-58	-57	-59	-72
3	3.6	-68	-58	-44	-53	-70	-77	-65	-59	-57	-51	-72
3	2.9	-63	-59	-51	-57	-70	-77	-78	-59	-57	-50	-65
3	2.2	-63	-59	-52	-63	-71	-76	-74	-57	-59	-51	-59
3	1.5	-66	-62	-54	-62	-72	-71	-73	-63	-63	-51	-58
3	0.7	-59	-47	-51	-68	-71	-81	-74	-64	-62	-50	-60
3	0.0	-63	-50	-54	-63	-71	-74	-74	-71	-64	-48	-55
3	0.0	-69	-47	-61	-61	-67	-74	-69	-63	-64	-48	-55
3	0.7	-62	-49	-60	-60	-69	-120	-73	-63	-56	-44	-53
3	1.4	-68	-62	-56	-60	-60	-120	-73	-56	-59	-42	-63
3	2.1	-62	-60	-51	-62	-65	-120	-70	-53	-59	-53	-63
3	2.8	-64	-62	-57	-57	-60	-120	-67	-52	-59	-50	-69
3	3.6	-64	-67	-61	-60	-68	-120	-68	-55	-59	-56	-69
3	4.3	-64	-64	-64	-50	-60	-120	-65	-57	-120	-58	-72
3	5.0	-76	-72	-63	-49	-64	-120	-66	-53	-120	-56	-72
3	5.0	-63	-67	-59	-47	-68	-120	-73	-57	-120	-54	-73
3	4.3	-72	-60	-55	-64	-74	-120	-68	-60	-120	-56	-70
3	3.6	-69	-57	-46	-59	-70	-120	-65	-61	-120	-48	-63
3	2.9	-71	-55	-50	-59	-70	-72	-70	-59	-120	-47	-62
3	2.2	-71	-53	-46	-64	-70	-70	-70	-56	-120	-52	-60
3	1.4	-66	-48	-51	-63	-70	-78	-70	-60	-120	-51	-59
3	0.7	-64	-52	-51	-67	-73	-77	-70	-70	-120	-54	-58
3	0.0	-69	-50	-59	-66	-73	-77	-80	-70	-120	-50	-48
3	0.0	-59	-48	-60	-62	-69	-76	-80	-61	-120	-47	-56
3	0.6	-64	-54	-67	-63	-70	-78	-77	-59	-120	-47	-60
3	1.2	-65	-62	-52	-65	-60	-71	-73	-72	-120	-40	-61
3	1.8	-63	-60	-50	-63	-66	-65	-77	-55	-120	-50	-64
3	2.4	-63	-65	-58	-63	-61	-77	-75	-60	-61	-53	-70
3	3.1	-63	-61	-60	-53	-66	-77	-77	-57	-58	-54	-70
3	3.7	-73	-65	-69	-53	-65	-62	-70	-57	-62	-58	-78
3	4.3	-73	-71	-75	-51	-64	-66	-66	-57	-55	-59	-74
3	5.0	-73	-74	-60	-55	-57	-64	-66	-53	-55	-65	-74
3	5.0	-69	-59	-55	-47	-65	-71	-70	-60	-55	-53	-71
3	4.4	-65	-59	-57	-50	-66	-84	-74	-63	-65	-54	-66
3	3.8	-68	-64	-46	-53	-67	-71	-62	-55	-64	-55	-66
3	3.2	-68	-56	-55	-63	-69	-68	-71	-60	-64	-51	-65
3	2.5	-68	-56	-53	-59	-68	-75	-67	-59	-62	-51	-62
3	1.9	-69	-54	-49	-70	-72	-75	-70	-62	-66	-49	-64
3	1.3	-62	-52	-49	-69	-76	-76	-75	-58	-66	-50	-57
3	0.6	-68	-47	-50	-64	-79	-74	-69	-64	-63	-46	-57
3	0.0	-68	-50	-54	-75	-79	-80	-73	-68	-68	-48	-55
3	0.0	-61	-52	-65	-60	-64	-84	-69	-60	-62	-47	-54
3	0.6	-59	-51	-65	-62	-69	-77	-74	-61	-57	-44	-54
3	1.3	-65	-61	-59	-62	-62	-73	-72	-59	-61	-42	-54
3	1.9	-67	-63	-51	-61	-66	-65	-75	-54	-59	-51	-54
3	2.5	-68	-69	-59	-58	-61	-67	-72	-51	-59	-52	-73
3	3.1	-69	-64	-61	-57	-65	-66	-67	-51	-56	-56	-73
3	3.8	-76	-66	-60	-53	-67	-63	-76	-57	-56	-59	-73
3	4.4	-70	-78	-64	-53	-60	-66	-63	-56	-53	-59	-72
3	5.0	-71	-77	-69	-57	-60	-64	-64	-55	-57	-59	-72
3	5.0	-66	-67	-64	-56	-71	-71	-71	-56	-57	-57	-67
3	4.4	-69	-62	-51	-52	-75	-70	-77	-67	-59	-54	-67
3	3.8	-67	-58	-48	-57	-75	-68	-66	-60	-59	-51	-62
3	3.1	-67	-58	-55	-63	-68	-69	-74	-55	-59	-60	-62
3	2.5	-70	-54	-51	-62	-69	-74	-72	-57	-58	-48	-59
3	1.8	-65	-54	-52	-63	-78	-74	-79	-60	-62	-54	-59
3	1.2	-68	-55	-53	-71	-75	-78	-76	-59	-61	-52	-60
3	0.6	-68	-54	-50	-68	-72	-84	-68	-76	-61	-52	-51
3	0.0	-62	-49	-59	-63	-72	-76	-79	-76	-68	-51	-51
3	0.0	-64	-53	-65	-60	-67	-77	-79	-61	-68	-49	-51
3	0.6	-64	-54	-66	-62	-74	-74	-79	-58	-120	-45	-59
3	1.3	-64	-59	-54	-64	-63	-74	-71	-55	-120	-42	-59
3	1.9	-66	-58	-52	-57	-69	-74	-69	-53	-120	-51	-59
3	2.5	-65	-63	-67	-58	-64	-69	-67	-55	-120	-53	-69
3	3.1	-75	-67	-58	-62	-60	-74	-72	-53	-54	-55	-74
3	3.9	-74	-71	-65	-54	-60	-62	-63	-48	-57	-57	-73
3	4.4	-71	-75	-68	-50	-65	-59	-62	-55	-54	-58	-73
3	5.0	-72	-74	-68	-51	-65	-68	-64	-55	-58	-62	-73
3	5.0	-67	-62	-57	-49	-67	-71	-70	-58	-61	-54	-67
3	4.6	-67	-62	-56	-44	-71	-78	-76	-57	-58	-54	-67
3	3.9	-68	-59	-48	-57	-66	-74	-70	-59	-58	-51	-67
3	3.2	-65	-60	-47	-56	-72	-75	-69	-57	-62	-50	-67
3	2.6	-71	-52	-52	-61	-70	-78	-73	-63	-62	-53	-63
3	1.9	-71	-51	-54	-67	-70	-72	-73	-59	-61	-49	-60
3	1.3	-61	-47	-52	-74	-70	-81	-73	-64	-61	-49	-53
3	0.7	-61	-47	-50	-67	-79	-81	-72	-66	-62	-53	-58
3	0.0	-61	-48	-60	-69	-79	-82	-80	-69	-64	-49	-50
3.0	0	-65	-46	-59	-70	-77	-72	-75	-62	-58	-51	-58
3.0	0	-67	-50	-55	-67	-68	-75	-81	-63	-61	-49	-60
3.1	0	-70	-45	-52	-72	-71	-73	-120	-64	-58	-48	-57
3.1	0	-49	-66	-60	-71	-75	-66	-67	-58	-58	-43	-59
3.1	0	-58	-46	-58	-73	-76	-75	-81	-65	-60	-49	-55
3.1	0	-59	-63	-62	-67	-64	-69	-66	-52	-57	-37	-58
3.1	0	-60	-45	-56	-68	-77	-69	-70	-68	-59	-52	-57
3.2	0	-49	-64	-63	-67	-66	-76	-64	-65	-60	-47	-61
3.2	0	-44	-64	-63	-71	-70	-66	-67	-59	-56	-45	-58
3.2	0	-66	-43	-51	-69	-65	-71	-72	-63	-65	-50	-57
3.3	0	-44	-61	-65	-69	-66	-69	-65	-58	-54	-37	-61
3.3	0	-61	-45	-53	-63	-76	-73	-75	-64	-60	-47	-54
3.4	0	-64	-41	-59	-69	-72	-79	-71	-64	-57	-53	-62
3.5	0	-58	-42	-59	-66	-71	-75	-79	-62	-120	-47	-57
3.5	0	-47	-59	-64	-78	-67	-72	-65	-58	-57	-46	-56
3.5	0	-50	-59	-62	-81	-66	-68	-67	-56	-49	-42	-55
3.5	0	-65	-46	-59	-73	-77	-70	-84	-68	-64	-52	-60
3.5	0	-50	-61	-60	-71	-67	-69	-69	-59	-54	-43	-53
3.5	0	-67	-41	-59	-70	-76	-79	-120	-68	-58	-48	-63
3.5	0	-57	-59	-58	-67	-64	-69	-68	-55	-58	-36	-58
3.6	0	-58	-58	-61	-72	-75	-66	-67	-54	-58	-37	-60
3.6	0	-63	-43	-56	-76	-76	-77	-81	-69	-60	-51	-57
4.0	0	-56	-65	-67	-75	-78	-66	-66	-57	-53	-44	-67
4.0	0	-61	-45	-60	-75	-75	-77	-67	-60	-60	-52	-59
4.0	0	-49	-64	-71	-63	-72	-69	-120	-61	-56	-44	-61
4.0	0	-57	-45	-58	-68	-74	-72	-120	-62	-57	-48	-55
4.0	0	-48	-63	-61	-75	-66	-66	-64	-59	-50	-42	-58
4.0	0	-61	-73	-55	-69	-72	-77	-72	-62	-50	-49	-60
4.0	0	-56	-66	-65	-67	-63	-72	-67	-58	-49	-43	-61
4.0	0	-58	-56	-54	-77	-76	-79	-70	-62	-49	-50	-59
4.0	0	-49	-62	-61	-74	-69	-73	-65	-56	-54	-40	-56
4.0	0	-57	-46	-58	-70	-69	-76	-72	-66	-60	-52	-54
4.0	0	-46	-55	-65	-73	-78	-70	-65	-58	-57	-41	-52
4.0	0	-63	-53	-51	-64	-72	-73	-71	-68	-57	-51	-58
4.0	0	-60	-59	-61	-81	-66	-70	-67	-58	-54	-43	-58
4.0	0	-58	-54	-52	-62	-71	-70	-72	-68	-54	-53	-59
4.0	0	-65	-54	-57	-68	-69	-70	-69	-49	-59	-37	-61
4.0	0	-65	-58	-50	-63	-77	-76	-75	-67	-59	-52	-55
4.0	0	-58	-59	-74	-65	-68	-73	-72	-55	-60	-38	-63
4.0	0	-58	-55	-51	-61	-68	-70	-72	-66	-60	-54	-63
4.0	0	-61	-58	-52	-70	-67	-68	-68	-57	-55	-43	-54
4.0	0	-59	-58	-51	-61	-74	-75	-75	-65	-60	-51	-54
4.0	4.0	-68	-61	-56	-60	-81	-69	-72	-61	-57	-52	-70
4.0	3.3	-71	-64	-49	-67	-81	-78	-76	-60	-64	-49	-70
4.0	2.6	-68	-62	-49	-58	-66	-70	-80	-70	-67	-52	-67
4.0	2.0	-64	-61	-50	-70	-71	-77	-82	-62	-67	-53	-65
4.0	1.3	-64	-60	-50	-77	-74	-73	-77	-63	-67	-57	-54
4.0	0.6	-73	-56	-54	-72	-74	-77	-77	-63	-63	-53	-55
4.0	0.0	-64	-63	-57	-72	-75	-81	-74	-62	-62	-54	-51
4.0	0.0	-62	-59	-54	-63	-73	-75	-76	-58	-63	-50	-50
4.0	0.6	-69	-62	-47	-60	-72	-72	-74	-58	-64	-53	-68
4.0	1.1	-64	-62	-43	-81	-69	-73	-80	-59	-60	-55	-75
4.0	1.7	-72	-61	-42	-62	-68	-74	-78	-61	-60	-49	-71
4.0	2.3	-70	-64	-54	-59	-65	-73	-78	-59	-61	-54	-71
4.0	2.9	-66	-64	-61	-56	-63	-66	-73	-56	-57	-47	-71
4.0	3.5	-70	-63	-59	-51	-59	-71	-69	-54	-57	-52	-71
4.0	4.0	-69	-66	-61	-57	-70	-66	-72	-58	-59	-57	-73
4.0	4.0	-76	-56	-48	-61	-68	-69	-120	-58	-60	-51	-69
4.0	3.4	-70	-64	-49	-69	-66	-73	-120	-57	-65	-52	-69
4.0	2.8	-83	-64	-46	-64	-70	-71	-120	-62	-60	-55	-69
4.0	2.3	-74	-64	-53	-63	-74	-80	-120	-63	-60	-51	-63
4.0	1.7	-69	-58	-52	-63	-74	-79	-120	-61	-66	-51	-70
4.0	1.1	-76	-59	-50	-72	-76	-77	-120	-59	-66	-52	-55
4.0	0.6	-77	-51	-56	-72	-74	-83	-120	-60	-66	-56	-52
4.0	0.0	-66	-56	-60	-74	-75	-79	-120	-61	-63	-55	-45
4.0	0.0	-72	-52	-51	-71	-70	-78	-78	-62	-60	-54	-57
4.0	0.6	-72	-59	-44	-60	-74	-70	-120	-60	-60	-50	-64
4.0	1.2	-64	-57	-48	-62	-67	-73	-120	-55	-61	-51	-66
4.0	1.7	-64	-58	-50	-57	-71	-76	-120	-59	-58	-49	-72
4.0	2.3	-64	-62	-61	-64	-75	-76	-120	-59	-58	-54	-72
4.0	2.9	-64	-73	-54	-64	-66	-71	-120	-58	-60	-50	-76
4.0	3.4	-69	-65	-64	-55	-63	-65	-120	-57	-61	-49	-75
4.0	4.0	-66	-67	-57	-59	-61	-73	-120	-57	-60	-54	-75
4.0	4.0	-77	-66	-54	-56	-66	-73	-77	-58	-64	-56	-120
4.0	3.6	-67	-59	-55	-67	-66	-67	-75	-57	-58	-55	-120
4.0	3.1	-67	-58	-50	-65	-65	-73	-75	-62	-63	-53	-120
4.0	2.6	-75	-58	-55	-72	-67	-76	-78	-60	-65	-54	-120
4.0	2.1	-75	-58	-46	-73	-71	-78	-78	-62	-66	-51	-62
4.0	1.6	-71	-60	-46	-76	-71	-77	-78	-68	-63	-57	-59
4.0	1.0	-65	-58	-55	-65	-76	-75	-78	-60	-70	-52	-57
4.0	0.5	-64	-56	-51	-71	-75	-71	-76	-59	-61	-52	-44
4.0	0.0	-69	-55	-62	-71	-75	-82	-78	-62	-61	-54	-45
4.0	0.0	-75	-51	-49	-68	-85	-76	-120	-63	-61	-55	-54
4.0	0.5	-66	-57	-43	-68	-69	-78	-75	-59	-75	-51	-67
4.0	1.1	-63	-61	-43	-62	-63	-75	-75	-58	-58	-51	-67
4.0	1.7	-70	-58	-44	-60	-67	-69	-75	-63	-58	-52	-67
4.0	2.3	-64	-66	-50	-61	-67	-74	-77	-62	-63	-50	-67
4.0	2.8	-66	-66	-53	-60	-61	-72	-74	-60	-63	-52	-120
4.0	3.4	-69	-67	-57	-59	-58	-60	-74	-59	-63	-53	-120
4.0	4.0	-70	-74	-60	-58	-65	-71	-75	-61	-59	-54	-120
4.0	4.0	-71	-62	-51	-59	-62	-68	-79	-55	-63	-53	-69
4.0	3.5	-75	-64	-55	-68	-68	-74	-79	-63	-63	-54	-69
4.0	2.9	-75	-61	-50	-71	-65	-76	-79	-58	-61	-51	-69
4.0	2.3	-75	-54	-46	-85	-71	-86	-79	-61	-69	-52	-63
4.0	1.7	-70	-59	-45	-67	-76	-86	-120	-60	-66	-53	-60
4.0	1.1	-70	-55	-54	-81	-73	-77	-120	-57	-65	-53	-57
4.0	0.6	-68	-62	-51	-81	-73	-80	-120	-60	-65	-49	-53
4.0	0.0	-64	-55	-58	-66	-85	-75	-120	-67	-66	-58	-45
4.0	0.0	-65	-45	-47	-63	-77	-74	-75	-65	-63	-51	-53
4.0	0.5	-67	-56	-49	-63	-76	-74	-80	-64	-64	-51	-53
4.0	1.1	-68	-59	-42	-59	-73	-69	-80	-58	-62	-52	-53
4.0	1.7	-71	-77	-41	-54	-79	-84	-79	-59	-62	-52	-72
4.0	2.3	-65	-67	-53	-61	-64	-73	-79	-57	-63	-51	-72
4.0	2.9	-69	-70	-55	-59	-67	-76	-79	-59	-58	-52	-72
4.0	3.5	-71	-71	-58	-56	-64	-68	-66	-56	-65	-49	-75
4.0	4.0	-66	-71	-59	-57	-61	-72	-71	-58	-59	-52	-75
4.0	4.0	-71	-61	-52	-61	-58	-74	-68	-62	-67	-58	-67
4.0	3.6	-70	-59	-56	-60	-66	-69	-65	-57	-60	-52	-67
4.0	3.0	-64	-63	-47	-58	-65	-71	-65	-62	-67	-54	-84
4.0	2.4	-68	-58	-44	-63	-67	-74	-81	-61	-67	-53	-69
4.0	1.8	-69	-59	-55	-74	-74	-79	-75	-64	-67	-54	-69
4.0	1.2	-68	-57	-45	-76	-76	-80	-75	-62	-63	-51	-54
4.0	0.6	-69	-58	-48	-68	-77	-84	-75	-58	-63	-54	-57
4.0	0.0	-67	-52	-57	-68	-77	-75	-75	-60	-63	-53	-50
4.0	0.0	-120	-51	-51	-66	-70	-72	-72	-59	-62	-52	-54
4.0	0.6	-69	-54	-49	-58	-68	-70	-72	-61	-62	-51	-62
4.0	1.3	-65	-62	-49	-63	-66	-70	-87	-57	-64	-54	-64
4.0	2.0	-76	-65	-41	-59	-68	-71	-79	-58	-58	-54	-74
4.0	2.6	-72	-65	-43	-58	-68	-71	-74	-57	-65	-51	-74
4.0	3.4	-68	-59	-55	-59	-63	-72	-68	-58	-65	-53	-76
4.0	4.0	-67	-59	-58	-64	-60	-69	-67	-58	-60	-53	-76
4.0	4.0	-74	-62	-48	-58	-62	-71	-77	-60	-62	-54	-73
4.0	3.4	-120	-62	-46	-76	-71	-70	-79	-61	-62	-55	-70
4.0	2.7	-120	-59	-47	-65	-71	-77	-79	-61	-67	-51	-67
4.0	2.0	-120	-66	-53	-65	-71	-76	-79	-64	-69	-54	-69
4.0	1.4	-120	-59	-45	-67	-78	-79	-84	-65	-72	-50	-65
4.0	0.7	-120	-58	-50	-85	-78	-78	-84	-57	-70	-55	-55
4.0	0.0	-120	-52	-51	-68	-80	-81	-84	-60	-66	-56	-54
4.0	0.0	-61	-52	-47	-65	-70	-72	-80	-65	-60	-54	-52
4.0	0.7	-61	-56	-47	-60	-70	-76	-80	-58	-61	-52	-60
4.0	1.3	-69	-64	-42	-59	-73	-82	-84	-57	-61	-52	-61
4.0	2.0	-72	-60	-48	-57	-67	-70	-80	-61	-64	-50	-72
4.0	2.7	-69	-62	-47	-61	-72	-71	-80	-62	-66	-53	-73
4.0	3.4	-67	-62	-63	-59	-68	-72	-65	-59	-66	-55	-73
4.0	4.0	-74	-66	-57	-60	-60	-68	-69	-58	-58	-55	-74
4.0	4.0	-76	-58	-51	-62	-65	-78	-69	-57	-57	-57	-120
4.0	3.2	-68	-61	-54	-63	-62	-74	-72	-62	-57	-52	-120
4.0	2.4	-67	-55	-49	-67	-69	-72	-72	-62	-62	-52	-120
4.0	1.6	-70	-61	-51	-73	-83	-75	-77	-60	-62	-51	-120
4.0	0.8	-63	-61	-50	-67	-73	-87	-77	-61	-64	-53	-120
4.0	0.0	-70	-70	-54	-67	-77	-72	-77	-60	-64	-54	-120
4.0	0.0	-73	-51	-47	-67	-72	-73	-79	-63	-64	-52	-120
4.0	0.8	-70	-60	-46	-65	-77	-77	-75	-58	-63	-49	-64
4.0	1.6	-70	-70	-43	-68	-79	-73	-75	-56	-63	-52	-65
4.0	2.4	-69	-60	-43	-55	-69	-68	-75	-60	-63	-50	-71
4.0	3.2	-71	-67	-53	-61	-69	-68	-65	-59	-70	-53	-71
4.0	4.0	-62	-63	-60	-60	-76	-67	-69	-62	-66	-52	-71
4.0	4.0	-75	-59	-48	-58	-69	-75	-120	-66	-62	-55	-69
4.0	3.1	-75	-61	-54	-58	-67	-66	-120	-59	-62	-51	-120
4.0	2.4	-68	-56	-50	-61	-69	-77	-120	-59	-62	-53	-120
4.0	1.6	-82	-64	-49	-70	-86	-77	-120	-61	-62	-54	-120
4.0	0.8	-72	-63	-45	-73	-86	-76	-120	-61	-64	-54	-120
4.0	0.0	-73	-61	-51	-72	-76	-82	-120	-58	-67	-54	-120
4.0	0.0	-67	-55	-53	-74	-76	-70	-88	-64	-59	-53	-64
4.0	0.6	-62	-50	-39	-65	-69	-80	-120	-61	-59	-52	-62
4.0	1.5	-63	-61	-46	-63	-64	-69	-120	-57	-70	-54	-67
4.0	2.3	-68	-60	-48	-60	-71	-77	-120	-58	-70	-52	-69
4.0	3.2	-68	-70	-46	-57	-69	-72	-120	-57	-57	-49	-69
4.0	4.0	-66	-65	-52	-60	-70	-75	-120	-61	-59	-52	-69
4.0	4.0	-70	-60	-49	-59	-68	-70	-71	-56	-63	-49	-72
4.0	3.0	-70	-67	-53	-63	-65	-68	-71	-59	-59	-51	-120
4.0	2.0	-70	-62	-55	-64	-64	-69	-71	-62	-60	-51	-69
4.0	1.0	-69	-62	-46	-58	-65	-69	-79	-62	-60	-53	-64
4.0	0.0	-69	-61	-48	-69	-81	-77	-88	-62	-67	-51	-64
4.0	0.0	-70	-43	-52	-80	-74	-75	-73	-67	-59	-53	-50
4.0	1.0	-66	-57	-41	-68	-66	-71	-73	-54	-59	-51	-63
4.0	2.0	-69	-64	-46	-60	-68	-70	-76	-57	-59	-52	-63
4.0	3.0	-67	-59	-43	-59	-65	-72	-78	-62	-63	-48	-72
4.0	4.0	-69	-61	-51	-58	-67	-69	-70	-59	-63	-49	-72
4.0	4.0	-72	-61	-49	-59	-120	-72	-83	-62	-57	-53	-71
4.0	2.6	-67	-61	-58	-59	-71	-67	-83	-60	-64	-52	-71
4.0	1.3	-69	-60	-47	-64	-70	-74	-83	-69	-64	-52	-69
4.0	0.0	-70	-57	-54	-80	-76	-73	-84	-60	-64	-51	-62
4.0	0.0	-120	-53	-48	-63	-66	-72	-75	-70	-63	-53	-55
4.0	1.4	-67	-55	-47	-61	-120	-72	-74	-59	-65	-51	-61
4.0	2.7	-74	-60	-42	-65	-120	-72	-74	-57	-65	-52	-74
4.0	4.0	-76	-60	-39	-66	-120	-78	-74	-60	-60	-49	-68
4.0	4.0	-70	-61	-49	-60	-64	-75	-74	-61	-62	-52	-73
4.0	2.9	-120	-59	-56	-68	-66	-71	-76	-58	-63	-54	-71
4.0	1.4	-120	-62	-48	-63	-66	-78	-75	-63	-63	-52	-66
4.0	0.0	-120	-61	-51	-66	-66	-78	-75	-65	-63	-53	-66
4.0	0.0	-66	-52	-54	-61	-65	-71	-72	-67	-67	-55	-51
4.0	1.2	-120	-55	-45	-61	-73	-72	-73	-60	-64	-53	-68
4.0	2.7	-120	-59	-45	-61	-67	-73	-73	-55	-64	-54	-61
4.0	4.0	-120	-58	-40	-60	-66	-71	-73	-59	-60	-51	-61