1,0,0,1,1,-90,0,-89,0,-88,0,-87,0,-86,0,-85,0,-84,0,-83,0,-82,0,-81,0,-80,0,-79,0,-78,0,-77,0,-76,0,-75,0,-74,0,-73,0,-72,0,-71,0,-70,0,-69,0,-68,0,-67,0,-66,0,-65,0,-64,0,-63,0,-62,5.5622e-14,-61,8.0096e-09,-60,5.3582e-05,-59,0.017934,-58,0.35624,-57,0.55305,-56,0.072101,-55,0.00061349,-54,2.7365e-07,-53,5.7852e-12,-52,5.5457e-18,-51,2.3581e-25,-50,4.3937e-34,-49,3.5604e-44,-48,1.2486e-55,-47,1.8888e-68,-46,1.2295e-82,-45,3.4375e-98,-44,4.1226e-115,-43,2.1187e-133,-42,4.6617e-153,-41,4.3885e-174,-40,1.7667e-196,-39,3.0398e-220,-38,2.2348e-245,-37,7.0174e-272,-36,9.4092e-300,-35,0,-34,0,-33,0,-32,0,-31,0,-30,0
1,0,0,1,2,-90,0,-89,0,-88,0,-87,0,-86,0,-85,0,-84,0,-83,0,-82,0,-81,0,-80,0,-79,0,-78,0,-77,0,-76,0,-75,0,-74,0,-73,0,-72,0,-71,0,-70,0,-69,0,-68,0,-67,0,-66,7.8672e-06,-65,0.99637,-64,0.00362,-63,1.6733e-22,-62,7.3569e-63,-61,1.9431e-124,-60,2.7945e-207,-59,2.1083e-311,-58,0,-57,0,-56,0,-55,0,-54,0,-53,0,-52,0,-51,0,-50,0,-49,0,-48,0,-47,0,-46,0,-45,0,-44,0,-43,0,-42,0,-41,0,-40,0,-39,0,-38,0,-37,0,-36,0,-35,0,-34,0,-33,0,-32,0,-31,0,-30,0
1,0,0,1,3,-90,0,-89,0,-88,0,-87,0,-86,0,-85,0,-84,0,-83,0,-82,0,-81,0,-80,0,-79,0,-78,0,-77,0,-76,0,-75,0,-74,0,-73,0,-72,0,-71,0,-70,0,-69,5.107e-15,-68,0.016547,-67,0.9832,-66,0.00025631,-65,5.4749e-20,-64,4.0764e-49,-63,8.0269e-92,-62,3.8808e-148,-61,4.4679e-218,-60,1.2059e-301,-59,0,-58,0,-57,0,-56,0,-55,0,-54,0,-53,0,-52,0,-51,0,-50,0,-49,0,-48,0,-47,0,-46,0,-45,0,-44,0,-43,0,-42,0,-41,0,-40,0,-39,0,-38,0,-37,0,-36,0,-35,0,-34,0,-33,0,-32,0,-31,0,-30,0
1,0,0,1,4,-90,0,-89,0,-88,0,-87,0,-86,0,-85,0,-84,0,-83,0,-82,0,-81,0,-80,0,-79,0,-78,0,-77,0,-76,0,-75,0,-74,0,-73,0,-72,0,-71,0,-70,0,-69,0,-68,0,-67,0,-66,1,-65,1.3774e-69,-64,0,-63,0,-62,0,-61,0,-60,0,-59,0,-58,0,-57,0,-56,0,-55,0,-54,0,-53,0,-52,0,-51,0,-50,0,-49,0,-48,0,-47,0,-46,0,-45,0,-44,0,-43,0,-42,0,-41,0,-40,0,-39,0,-38,0,-37,0,-36,0,-35,0,-34,0,-33,0,-32,0,-31,0,-30,0
1,0,0,1,5,-90,0,-89,0,-88,0,-87,0,-86,0,-85,0,-84,0,-83,0,-82,0,-81,0,-80,0,-79,0,-78,0,-77,0,-76,0,-75,0,-74,0,-73,3.8081e-14,-72,1.092e-10,-71,8.9878e-08,-70,2.1472e-05,-69,0.0015105,-68,0.031915,-67,0.20741,-66,0.42383,-65,0.27523,-64,0.056427,-63,0.0035795,-62,6.8584e-05,-61,3.8864e-07,-60,6.4122e-10,-59,3.0469e-13,-58,4.139e-17,-57,1.5992e-21,-56,1.7513e-26,-55,5.4211e-32,-54,4.7347e-38,-53,1.165e-44,-52,8.067e-52,-51,1.5706e-59,-50,8.591e-68,-49,1.3195e-76,-48,5.6882e-86,-47,6.8792e-96,-46,2.3332e-106,-45,2.2187e-117,-44,5.9138e-129,-43,4.4173e-141,-42,9.2448e-154,-41,5.4201e-167,-40,8.9009e-181,-39,4.0937e-195,-38,5.2723e-210,-37,1.9013e-225,-36,1.9196e-241,-35,5.4259e-258,-34,4.2932e-275,-33,9.5085e-293,-32,5.8944e-311,-31,0,-30,0
1,0,0,1,6,-90,0,-89,0,-88,0,-87,0,-86,0,-85,0,-84,0,-83,0,-82,0,-81,0,-80,0,-79,0,-78,0,-77,0,-76,0,-75,0,-74,0,-73,0,-72,0,-71,0,-70,0,-69,1,-68,1.0462e-187,-67,0,-66,0,-65,0,-64,0,-63,0,-62,0,-61,0,-60,0,-59,0,-58,0,-57,0,-56,0,-55,0,-54,0,-53,0,-52,0,-51,0,-50,0,-49,0,-48,0,-47,0,-46,0,-45,0,-44,0,-43,0,-42,0,-41,0,-40,0,-39,0,-38,0,-37,0,-36,0,-35,0,-34,0,-33,0,-32,0,-31,0,-30,0
1,0,0,1,7,-90,0,-89,0,-88,0,-87,0,-86,0,-85,0,-84,0,-83,0,-82,0,-81,0,-80,0,-79,0,-78,0,-77,0,-76,0,-75,0,-74,0,-73,0,-72,0,-71,0,-70,0,-69,0,-68,0,-67,0,-66,0,-65,0,-64,0,-63,0,-62,5.452e-05,-61,0.99995,-60,1.4401e-07,-59,1.2096e-45,-58,1.0917e-118,-57,7.6e-227,-56,0,-55,0,-54,0,-53,0,-52,0,-51,0,-50,0,-49,0,-48,0,-47,0,-46,0,-45,0,-44,0,-43,0,-42,0,-41,0,-40,0,-39,0,-38,0,-37,0,-36,0,-35,0,-34,0,-33,0,-32,0,-31,0,-30,0
1,0,0,1,8,-90,0,-89,0,-88,0,-87,0,-86,0,-85,0,-84,0,-83,0,-82,0,-81,0,-80,0,-79,0,-78,0,-77,0,-76,0,-75,0,-74,0,-73,0,-72,0,-71,0,-70,0,-69,0,-68,0,-67,0,-66,0,-65,0,-64,0,-63,0,-62,0,-61,0,-60,0,-59,1,-58,1.9181e-13,-57,0,-56,0,-55,0,-54,0,-53,0,-52,0,-51,0,-50,0,-49,0,-48,0,-47,0,-46,0,-45,0,-44,0,-43,0,-42,0,-41,0,-40,0,-39,0,-38,0,-37,0,-36,0,-35,0,-34,0,-33,0,-32,0,-31,0,-30,0
1,0,0,1,9,-90,0,-89,0,-88,0,-87,0,-86,0,-85,0,-84,0,-83,0,-82,0,-81,0,-80,0,-79,0,-78,0,-77,0,-76,0,-75,0,-74,0,-73,0,-72,0,-71,0,-70,0,-69,0,-68,0,-67,0,-66,0,-65,0,-64,0,-63,0,-62,0,-61,0,-60,0,-59,0,-58,0,-57,0,-56,0,-55,0,-54,0,-53,4.1869e-06,-52,1,-51,1.7189e-309,-50,0,-49,0,-48,0,-47,0,-46,0,-45,0,-44,0,-43,0,-42,0,-41,0,-40,0,-39,0,-38,0,-37,0,-36,0,-35,0,-34,0,-33,0,-32,0,-31,0,-30,0
1,0,0,1,10,-90,0,-89,0,-88,0,-87,0,-86,0,-85,0,-84,0,-83,0,-82,0,-81,0,-80,0,-79,0,-78,0,-77,0,-76,0,-75,0,-74,0,-73,0,-72,0,-71,0,-70,0,-69,0,-68,0,-67,0,-66,0,-65,0,-64,0,-63,0,-62,0,-61,0,-60,0,-59,0,-58,0,-57,0,-56,0,-55,0,-54,0,-53,0,-52,1,-51,1.3455e-317,-50,0,-49,0,-48,0,-47,0,-46,0,-45,0,-44,0,-43,0,-42,0,-41,0,-40,0,-39,0,-38,0,-37,0,-36,0,-35,0,-34,0,-33,0,-32,0,-31,0,-30,0
1,0,0,1,11,-90,0,-89,0,-88,0,-87,0,-86,0,-85,0,-84,0,-83,0,-82,0,-81,0,-80,0,-79,0,-78,0,-77,0,-76,0,-75,0,-74,0,-73,0,-72,0,-71,0,-70,0,-69,0,-68,0,-67,0,-66,0,-65,0,-64,1,-63,5.9805e-18,-62,6.0865e-208,-61,0,-60,0,-59,0,-58,0,-57,0,-56,0,-55,0,-54,0,-53,0,-52,0,-51,0,-50,0,-49,0,-48,0,-47,0,-46,0,-45,0,-44,0,-43,0,-42,0,-41,0,-40,0,-39,0,-38,0,-37,0,-36,0,-35,0,-34,0,-33,0,-32,0,-31,0,-30,0
1,0.5,0,1,1,-90,0,-89,0,-88,0,-87,0,-86,0,-85,0,-84,0,-83,0,-82,0,-81,0,-80,0,-79,0,-78,0,-77,0,-76,0,-75,0,-74,0,-73,0,-72,0,-71,0,-70,0,-69,0,-68,0,-67,0,-66,0,-65,0,-64,0,-63,0,-62,0,-61,0,-60,0,-59,0,-58,0,-57,0,-56,1,-55,1.6854e-140,-54,0,-53,0,-52,0,-51,0,-50,0,-49,0,-48,0,-47,0,-46,0,-45,0,-44,0,-43,0,-42,0,-41,0,-40,0,-39,0,-38,0,-37,0,-36,0,-35,0,-34,0,-33,0,-32,0,-31,0,-30,0
1,0.5,0,1,2,-90,0,-89,0,-88,0,-87,0,-86,0,-85,0,-84,0,-83,0,-82,0,-81,0,-80,0,-79,0,-78,0,-77,0,-76,0,-75,0,-74,0,-73,0,-72,0,-71,0,-70,0,-69,0,-68,0,-67,0,-66,0,-65,0,-64,1,-63,0,-62,0,-61,0,-60,0,-59,0,-58,0,-57,0,-56,0,-55,0,-54,0,-53,0,-52,0,-51,0,-50,0,-49,0,-48,0,-47,0,-46,0,-45,0,-44,0,-43,0,-42,0,-41,0,-40,0,-39,0,-38,0,-37,0,-36,0,-35,0,-34,0,-33,0,-32,0,-31,0,-30,0
1,0.5,0,1,3,-90,0,-89,0,-88,0,-87,0,-86,0,-85,0,-84,0,-83,0,-82,0,-81,0,-80,0,-79,0,-78,0,-77,0,-76,0,-75,0,-74,0,-73,0,-72,0,-71,0,-70,2.435e-06,-69,0.54307,-68,0.45693,-67,8.4792e-07,-66,1.4659e-21,-65,1.0224e-45,-64,2.4884e-79,-63,2.0113e-122,-62,5.278e-175,-61,4.442e-237,-60,1.1902e-308,-59,0,-58,0,-57,0,-56,0,-55,0,-54,0,-53,0,-52,0,-51,0,-50,0,-49,0,-48,0,-47,0,-46,0,-45,0,-44,0,-43,0,-42,0,-41,0,-40,0,-39,0,-38,0,-37,0,-36,0,-35,0,-34,0,-33,0,-32,0,-31,0,-30,0
1,0.5,0,1,4,-90,0,-89,0,-88,0,-87,0,-86,0,-85,0,-84,0,-83,0,-82,0,-81,0,-80,0,-79,0,-78,0,-77,0,-76,0,-75,0,-74,0,-73,0,-72,0,-71,0,-70,0,-69,0,-68,0,-67,1.4433e-15,-66,1,-65,0,-64,0,-63,0,-62,0,-61,0,-60,0,-59,0,-58,0,-57,0,-56,0,-55,0,-54,0,-53,0,-52,0,-51,0,-50,0,-49,0,-48,0,-47,0,-46,0,-45,0,-44,0,-43,0,-42,0,-41,0,-40,0,-39,0,-38,0,-37,0,-36,0,-35,0,-34,0,-33,0,-32,0,-31,0,-30,0
1,0.5,0,1,5,-90,0,-89,0,-88,0,-87,0,-86,0,-85,0,-84,0,-83,0,-82,0,-81,0,-80,0,-79,0,-78,0,-77,0,-76,0,-75,0,-74,0,-73,0,-72,0,-71,0,-70,4.7184e-14,-69,0.012045,-68,0.9863,-67,0.0016565,-66,2.1482e-16,-65,8.5406e-41,-64,7.7423e-77,-63,1.4802e-124,-62,5.7819e-184,-61,4.5408e-255,-60,0,-59,0,-58,0,-57,0,-56,0,-55,0,-54,0,-53,0,-52,0,-51,0,-50,0,-49,0,-48,0,-47,0,-46,0,-45,0,-44,0,-43,0,-42,0,-41,0,-40,0,-39,0,-38,0,-37,0,-36,0,-35,0,-34,0,-33,0,-32,0,-31,0,-30,0
1,0.5,0,1,6,-90,0,-89,0,-88,0,-87,0,-86,0,-85,0,-84,0,-83,0,-82,0,-81,0,-80,0,-79,0,-78,0,-77,0,-76,0,-75,0,-74,0,-73,0,-72,0,-71,0,-70,0,-69,0.00042263,-68,0.98871,-67,0.01087,-66,1.1196e-15,-65,3.4682e-42,-64,2.1506e-82,-63,2.4309e-136,-62,4.8308e-204,-61,1.658e-285,-60,0,-59,0,-58,0,-57,0,-56,0,-55,0,-54,0,-53,0,-52,0,-51,0,-50,0,-49,0,-48,0,-47,0,-46,0,-45,0,-44,0,-43,0,-42,0,-41,0,-40,0,-39,0,-38,0,-37,0,-36,0,-35,0,-34,0,-33,0,-32,0,-31,0,-30,0
1,0.5,0,1,7,-90,0,-89,0,-88,0,-87,0,-86,0,-85,0,-84,0,-83,0,-82,0,-81,0,-80,0,-79,0,-78,0,-77,0,-76,0,-75,0,-74,0,-73,0,-72,0,-71,0,-70,0,-69,0,-68,0,-67,0,-66,0,-65,0,-64,0,-63,0,-62,0,-61,1.1036e-09,-60,1,-59,3.1011e-41,-58,6.0625e-236,-57,0,-56,0,-55,0,-54,0,-53,0,-52,0,-51,0,-50,0,-49,0,-48,0,-47,0,-46,0,-45,0,-44,0,-43,0,-42,0,-41,0,-40,0,-39,0,-38,0,-37,0,-36,0,-35,0,-34,0,-33,0,-32,0,-31,0,-30,0
1,0.5,0,1,8,-90,0,-89,0,-88,0,-87,0,-86,0,-85,0,-84,0,-83,0,-82,0,-81,0,-80,0,-79,0,-78,0,-77,0,-76,0,-75,0,-74,0,-73,0,-72,0,-71,0,-70,0,-69,0,-68,0,-67,0,-66,0,-65,0,-64,0,-63,0,-62,0,-61,0,-60,0,-59,1,-58,0,-57,0,-56,0,-55,0,-54,0,-53,0,-52,0,-51,0,-50,0,-49,0,-48,0,-47,0,-46,0,-45,0,-44,0,-43,0,-42,0,-41,0,-40,0,-39,0,-38,0,-37,0,-36,0,-35,0,-34,0,-33,0,-32,0,-31,0,-30,0
1,0.5,0,1,9,-90,0,-89,0,-88,0,-87,0,-86,0,-85,0,-84,0,-83,0,-82,0,-81,0,-80,0,-79,0,-78,0,-77,0,-76,0,-75,0,-74,0,-73,0,-72,0,-71,0,-70,0,-69,0,-68,0,-67,0,-66,0,-65,0,-64,0,-63,0,-62,0,-61,0,-60,0,-59,0,-58,0,-57,0,-56,0,-55,0,-54,0,-53,0,-52,1,-51,0,-50,0,-49,0,-48,0,-47,0,-46,0,-45,0,-44,0,-43,0,-42,0,-41,0,-40,0,-39,0,-38,0,-37,0,-36,0,-35,0,-34,0,-33,0,-32,0,-31,0,-30,0
1,0.5,0,1,10,-90,0,-89,0,-88,0,-87,0,-86,0,-85,0,-84,0,-83,0,-82,0,-81,0,-80,0,-79,0,-78,0,-77,0,-76,0,-75,0,-74,0,-73,0,-72,0,-71,0,-70,0,-69,0,-68,0,-67,0,-66,0,-65,0,-64,0,-63,0,-62,0,-61,0,-60,0,-59,0,-58,0,-57,0,-56,0,-55,0,-54,0,-53,0,-52,1,-51,0,-50,0,-49,0,-48,0,-47,0,-46,0,-45,0,-44,0,-43,0,-42,0,-41,0,-40,0,-39,0,-38,0,-37,0,-36,0,-35,0,-34,0,-33,0,-32,0,-31,0,-30,0
1,0.5,0,1,11,-90,0,-89,0,-88,0,-87,0,-86,0,-85,0,-84,0,-83,0,-82,0,-81,0,-80,0,-79,0,-78,0,-77,0,-76,0,-75,0,-74,0,-73,0,-72,0,-71,0,-70,0,-69,0,-68,0,-67,0,-66,0,-65,0.0016567,-64,0.99834,-63,0,-62,0,-61,0,-60,0,-59,0,-58,0,-57,0,-56,0,-55,0,-54,0,-53,0,-52,0,-51,0,-50,0,-49,0,-48,0,-47,0,-46,0,-45,0,-44,0,-43,0,-42,0,-41,0,-40,0,-39,0,-38,0,-37,0,-36,0,-35,0,-34,0,-33,0,-32,0,-31,0,-30,0
1,1,0,1,1,-90,0,-89,0,-88,0,-87,0,-86,0,-85,0,-84,0,-83,0,-82,0,-81,0,-80,0,-79,0,-78,0,-77,0,-76,0,-75,0,-74,0,-73,0,-72,0,-71,0,-70,0,-69,0,-68,0,-67,0,-66,0,-65,0,-64,0,-63,0,-62,0,-61,0,-60,0,-59,5.8735e-08,-58,0.021087,-57,0.87027,-56,0.10864,-55,3.408e-06,-54,4.0842e-15,-53,1.3614e-28,-52,1.1571e-46,-51,2.4209e-69,-50,1.2253e-96,-49,1.4854e-128,-48,4.2863e-165,-47,2.9321e-206,-46,4.7412e-252,-45,1.8084e-302,-44,0,-43,0,-42,0,-41,0,-40,0,-39,0,-38,0,-37,0,-36,0,-35,0,-34,0,-33,0,-32,0,-31,0,-30,0
1,1,0,1,2,-90,0,-89,0,-88,0,-87,0,-86,0,-85,0,-84,0,-83,0,-82,0,-81,0,-80,0,-79,0,-78,0,-77,0,-76,0,-75,0,-74,0,-73,0,-72,0,-71,0,-70,0,-69,0,-68,0,-67,0,-66,0,-65,0.99474,-64,0.0052584,-63,2.8035e-69,-62,1.1048e-232,-61,0,-60,0,-59,0,-58,0,-57,0,-56,0,-55,0,-54,0,-53,0,-52,0,-51,0,-50,0,-49,0,-48,0,-47,0,-46,0,-45,0,-44,0,-43,0,-42,0,-41,0,-40,0,-39,0,-38,0,-37,0,-36,0,-35,0,-34,0,-33,0,-32,0,-31,0,-30,0
1,1,0,1,3,-90,0,-89,0,-88,0,-87,0,-86,0,-85,0,-84,0,-83,0,-82,0,-81,0,-80,0,-79,0,-78,0,-77,0,-76,0,-75,0,-74,0,-73,0,-72,0,-71,0,-70,0.96858,-69,0.031417,-68,2.0344e-97,-67,0,-66,0,-65,0,-64,0,-63,0,-62,0,-61,0,-60,0,-59,0,-58,0,-57,0,-56,0,-55,0,-54,0,-53,0,-52,0,-51,0,-50,0,-49,0,-48,0,-47,0,-46,0,-45,0,-44,0,-43,0,-42,0,-41,0,-40,0,-39,0,-38,0,-37,0,-36,0,-35,0,-34,0,-33,0,-32,0,-31,0,-30,0
1,1,0,1,4,-90,0,-89,0,-88,0,-87,0,-86,0,-85,0,-84,0,-83,0,-82,0,-81,0,-80,0,-79,0,-78,0,-77,0,-76,0,-75,0,-74,0,-73,0,-72,0,-71,0,-70,0,-69,0,-68,0,-67,1,-66,2.2998e-188,-65,0,-64,0,-63,0,-62,0,-61,0,-60,0,-59,0,-58,0,-57,0,-56,0,-55,0,-54,0,-53,0,-52,0,-51,0,-50,0,-49,0,-48,0,-47,0,-46,0,-45,0,-44,0,-43,0,-42,0,-41,0,-40,0,-39,0,-38,0,-37,0,-36,0,-35,0,-34,0,-33,0,-32,0,-31,0,-30,0
1,1,0,1,5,-90,0,-89,0,-88,0,-87,0,-86,0,-85,0,-84,0,-83,0,-82,0,-81,0,-80,0,-79,0,-78,0,-77,0,-76,0,-75,0,-74,0,-73,0,-72,0,-71,0,-70,0,-69,3.4905e-06,-68,1,-67,7.5573e-50,-66,5.1789e-255,-65,0,-64,0,-63,0,-62,0,-61,0,-60,0,-59,0,-58,0,-57,0,-56,0,-55,0,-54,0,-53,0,-52,0,-51,0,-50,0,-49,0,-48,0,-47,0,-46,0,-45,0,-44,0,-43,0,-42,0,-41,0,-40,0,-39,0,-38,0,-37,0,-36,0,-35,0,-34,0,-33,0,-32,0,-31,0,-30,0
1,1,0,1,6,-90,0,-89,0,-88,0,-87,0,-86,0,-85,0,-84,0,-83,0,-82,0,-81,0,-80,0,-79,0,-78,0,-77,0,-76,0,-75,0,-74,0,-73,0,-72,0,-71,0,-70,0,-69,8.894e-13,-68,6.6716e-05,-67,0.27778,-66,0.71803,-65,0.0041268,-64,2.149e-09,-63,4.3908e-20,-62,2.9769e-35,-61,6.331e-55,-60,4.1182e-79,-59,8.0837e-108,-58,4.7503e-141,-57,8.3137e-179,-56,4.3184e-221,-55,6.6409e-268,-54,3.018e-319,-53,0,-52,0,-51,0,-50,0,-49,0,-48,0,-47,0,-46,0,-45,0,-44,0,-43,0,-42,0,-41,0,-40,0,-39,0,-38,0,-37,0,-36,0,-35,0,-34,0,-33,0,-32,0,-31,0,-30,0
1,1,0,1,7,-90,0,-89,0,-88,0,-87,0,-86,0,-85,0,-84,0,-83,0,-82,0,-81,0,-80,0,-79,0,-78,0,-77,0,-76,0,-75,0,-74,0,-73,0,-72,0,-71,0,-70,0,-69,0,-68,0,-67,0,-66,0,-65,0,-64,0,-63,0,-62,0,-61,0,-60,1,-59,0,-58,0,-57,0,-56,0,-55,0,-54,0,-53,0,-52,0,-51,0,-50,0,-49,0,-48,0,-47,0,-46,0,-45,0,-44,0,-43,0,-42,0,-41,0,-40,0,-39,0,-38,0,-37,0,-36,0,-35,0,-34,0,-33,0,-32,0,-31,0,-30,0
1,1,0,1,8,-90,0,-89,0,-88,0,-87,0,-86,0,-85,0,-84,0,-83,0,-82,0,-81,0,-80,0,-79,0,-78,0,-77,0,-76,0,-75,0,-74,0,-73,0,-72,0,-71,0,-70,0,-69,0,-68,0,-67,0,-66,0,-65,0,-64,0,-63,0,-62,0,-61,0,-60,0,-59,1,-58,2.7992e-17,-57,0,-56,0,-55,0,-54,0,-53,0,-52,0,-51,0,-50,0,-49,0,-48,0,-47,0,-46,0,-45,0,-44,0,-43,0,-42,0,-41,0,-40,0,-39,0,-38,0,-37,0,-36,0,-35,0,-34,0,-33,0,-32,0,-31,0,-30,0
1,1,0,1,9,-90,0,-89,0,-88,0,-87,0,-86,0,-85,0,-84,0,-83,0,-82,0,-81,0,-80,0,-79,0,-78,0,-77,0,-76,0,-75,0,-74,0,-73,0,-72,0,-71,0,-70,0,-69,0,-68,0,-67,0,-66,0,-65,0,-64,0,-63,0,-62,0,-61,0,-60,0,-59,0,-58,0,-57,0,-56,0,-55,0,-54,0,-53,0.94232,-52,0.057679,-51,0,-50,0,-49,0,-48,0,-47,0,-46,0,-45,0,-44,0,-43,0,-42,0,-41,0,-40,0,-39,0,-38,0,-37,0,-36,0,-35,0,-34,0,-33,0,-32,0,-31,0,-30,0
1,1,0,1,10,-90,0,-89,0,-88,0,-87,0,-86,0,-85,0,-84,0,-83,0,-82,0,-81,0,-80,0,-79,0,-78,0,-77,0,-76,0,-75,0,-74,0,-73,0,-72,0,-71,0,-70,0,-69,0,-68,0,-67,0,-66,0,-65,0,-64,0,-63,0,-62,0,-61,0,-60,0,-59,0,-58,0,-57,0,-56,0,-55,0,-54,0,-53,1,-52,1.8121e-30,-51,0,-50,0,-49,0,-48,0,-47,0,-46,0,-45,0,-44,0,-43,0,-42,0,-41,0,-40,0,-39,0,-38,0,-37,0,-36,0,-35,0,-34,0,-33,0,-32,0,-31,0,-30,0
1,1,0,1,11,-90,0,-89,0,-88,0,-87,0,-86,0,-85,0,-84,0,-83,0,-82,0,-81,0,-80,0,-79,0,-78,0,-77,0,-76,0,-75,0,-74,0,-73,0,-72,0,-71,0,-70,0,-69,0,-68,0,-67,0,-66,0,-65,1,-64,1.677e-208,-63,0,-62,0,-61,0,-60,0,-59,0,-58,0,-57,0,-56,0,-55,0,-54,0,-53,0,-52,0,-51,0,-50,0,-49,0,-48,0,-47,0,-46,0,-45,0,-44,0,-43,0,-42,0,-41,0,-40,0,-39,0,-38,0,-37,0,-36,0,-35,0,-34,0,-33,0,-32,0,-31,0,-30,0
1,1.5,0,1,1,-90,0,-89,0,-88,0,-87,0,-86,0,-85,0,-84,0,-83,0,-82,0,-81,0,-80,0,-79,0,-78,0,-77,0,-76,0,-75,0,-74,0,-73,0,-72,0,-71,0,-70,0,-69,0,-68,0,-67,0,-66,0,-65,0,-64,0,-63,1.5464e-12,-62,2.6634e-07,-61,0.0011256,-60,0.13551,-59,0.6695,-58,0.19149,-57,0.0023778,-56,8.6643e-07,-55,7.8322e-12,-54,1.6463e-18,-53,7.8136e-27,-52,8.2447e-37,-51,1.9166e-48,-50,9.7585e-62,-49,1.0841e-76,-48,2.6205e-93,-47,1.3755e-111,-46,1.5656e-131,-45,3.8589e-153,-44,2.0581e-176,-43,2.3734e-201,-42,5.9142e-228,-41,3.183e-256,-40,3.6985e-286,-39,9.2748e-318,-38,0,-37,0,-36,0,-35,0,-34,0,-33,0,-32,0,-31,0,-30,0
1,1.5,0,1,2,-90,0,-89,0,-88,0,-87,0,-86,0,-85,0,-84,0,-83,0,-82,0,-81,0,-80,0,-79,0,-78,0,-77,0,-76,0,-75,0,-74,0,-73,0,-72,0,-71,0,-70,0,-69,0,-68,0,-67,0,-66,0.81064,-65,0.18936,-64,8.1968e-33,-63,5.1482e-116,-62,1.3929e-251,-61,0,-60,0,-59,0,-58,0,-57,0,-56,0,-55,0,-54,0,-53,0,-52,0,-51,0,-50,0,-49,0,-48,0,-47,0,-46,0,-45,0,-44,0,-43,0,-42,0,-41,0,-40,0,-39,0,-38,0,-37,0,-36,0,-35,0,-34,0,-33,0,-32,0,-31,0,-30,0
1,1.5,0,1,3,-90,0,-89,0,-88,0,-87,0,-86,0,-85,0,-84,0,-83,0,-82,0,-81,0,-80,0,-79,0,-78,0,-77,0,-76,0,-75,0,-74,0,-73,0,-72,0,-71,0,-70,1,-69,0,-68,0,-67,0,-66,0,-65,0,-64,0,-63,0,-62,0,-61,0,-60,0,-59,0,-58,0,-57,0,-56,0,-55,0,-54,0,-53,0,-52,0,-51,0,-50,0,-49,0,-48,0,-47,0,-46,0,-45,0,-44,0,-43,0,-42,0,-41,0,-40,0,-39,0,-38,0,-37,0,-36,0,-35,0,-34,0,-33,0,-32,0,-31,0,-30,0
1,1.5,0,1,4,-90,0,-89,0,-88,0,-87,0,-86,0,-85,0,-84,0,-83,0,-82,0,-81,0,-80,0,-79,0,-78,0,-77,0,-76,0,-75,0,-74,0,-73,0,-72,0,-71,0,-70,0,-69,0,-68,0,-67,0,-66,1,-65,0,-64,0,-63,0,-62,0,-61,0,-60,0,-59,0,-58,0,-57,0,-56,0,-55,0,-54,0,-53,0,-52,0,-51,0,-50,0,-49,0,-48,0,-47,0,-46,0,-45,0,-44,0,-43,0,-42,0,-41,0,-40,0,-39,0,-38,0,-37,0,-36,0,-35,0,-34,0,-33,0,-32,0,-31,0,-30,0
1,1.5,0,1,5,-90,0,-89,0,-88,0,-87,0,-86,0,-85,0,-84,0,-83,0,-82,0,-81,0,-80,0,-79,0,-78,0,-77,0,-76,0,-75,0,-74,0,-73,0,-72,0,-71,0,-70,0,-69,1.2543e-10,-68,0.043846,-67,0.95435,-66,0.001801,-65,2.5408e-14,-64,2.9193e-34,-63,2.1162e-63,-62,9.0068e-102,-61,2.1843e-149,-60,2.9723e-206,-59,2.2493e-272,-58,0,-57,0,-56,0,-55,0,-54,0,-53,0,-52,0,-51,0,-50,0,-49,0,-48,0,-47,0,-46,0,-45,0,-44,0,-43,0,-42,0,-41,0,-40,0,-39,0,-38,0,-37,0,-36,0,-35,0,-34,0,-33,0,-32,0,-31,0,-30,0
1,1.5,0,1,6,-90,0,-89,0,-88,0,-87,0,-86,0,-85,0,-84,0,-83,0,-82,0,-81,0,-80,0,-79,0,-78,0,-77,0,-76,0,-75,0,-74,0,-73,0,-72,0,-71,0,-70,0,-69,0,-68,0,-67,2.5752e-12,-66,0.00049067,-65,0.62112,-64,0.37834,-63,4.5151e-05,-62,2.7217e-14,-61,4.6683e-29,-60,2.0109e-49,-59,2.079e-75,-58,5.0503e-107,-57,2.8491e-144,-56,3.7062e-187,-55,1.1066e-235,-54,7.5598e-290,-53,0,-52,0,-51,0,-50,0,-49,0,-48,0,-47,0,-46,0,-45,0,-44,0,-43,0,-42,0,-41,0,-40,0,-39,0,-38,0,-37,0,-36,0,-35,0,-34,0,-33,0,-32,0,-31,0,-30,0
1,1.5,0,1,7,-90,0,-89,0,-88,0,-87,0,-86,0,-85,0,-84,0,-83,0,-82,0,-81,0,-80,0,-79,0,-78,0,-77,0,-76,0,-75,0,-74,0,-73,0,-72,0,-71,0,-70,0,-69,0,-68,0,-67,0,-66,0,-65,0,-64,0,-63,0,-62,0,-61,0,-60,1,-59,0,-58,0,-57,0,-56,0,-55,0,-54,0,-53,0,-52,0,-51,0,-50,0,-49,0,-48,0,-47,0,-46,0,-45,0,-44,0,-43,0,-42,0,-41,0,-40,0,-39,0,-38,0,-37,0,-36,0,-35,0,-34,0,-33,0,-32,0,-31,0,-30,0
1,1.5,0,1,8,-90,0,-89,0,-88,0,-87,0,-86,0,-85,0,-84,0,-83,0,-82,0,-81,0,-80,0,-79,0,-78,0,-77,0,-76,0,-75,0,-74,0,-73,0,-72,0,-71,0,-70,0,-69,0,-68,0,-67,0,-66,0,-65,0,-64,0,-63,0,-62,0,-61,0,-60,0,-59,0,-58,1,-57,2.7555e-77,-56,0,-55,0,-54,0,-53,0,-52,0,-51,0,-50,0,-49,0,-48,0,-47,0,-46,0,-45,0,-44,0,-43,0,-42,0,-41,0,-40,0,-39,0,-38,0,-37,0,-36,0,-35,0,-34,0,-33,0,-32,0,-31,0,-30,0
1,1.5,0,1,9,-90,0,-89,0,-88,0,-87,0,-86,0,-85,0,-84,0,-83,0,-82,0,-81,0,-80,0,-79,0,-78,0,-77,0,-76,0,-75,0,-74,0,-73,0,-72,0,-71,0,-70,0,-69,0,-68,0,-67,0,-66,0,-65,0,-64,0,-63,0,-62,0,-61,0,-60,0,-59,0,-58,0,-57,0,-56,0,-55,0,-54,0,-53,1,-52,0,-51,0,-50,0,-49,0,-48,0,-47,0,-46,0,-45,0,-44,0,-43,0,-42,0,-41,0,-40,0,-39,0,-38,0,-37,0,-36,0,-35,0,-34,0,-33,0,-32,0,-31,0,-30,0
1,1.5,0,1,10,-90,0,-89,0,-88,0,-87,0,-86,0,-85,0,-84,0,-83,0,-82,0,-81,0,-80,0,-79,0,-78,0,-77,0,-76,0,-75,0,-74,0,-73,0,-72,0,-71,0,-70,0,-69,0,-68,0,-67,0,-66,0,-65,0,-64,0,-63,0,-62,0,-61,0,-60,0,-59,0,-58,0,-57,0,-56,0,-55,0,-54,0,-53,1,-52,1.2733e-214,-51,0,-50,0,-49,0,-48,0,-47,0,-46,0,-45,0,-44,0,-43,0,-42,0,-41,0,-40,0,-39,0,-38,0,-37,0,-36,0,-35,0,-34,0,-33,0,-32,0,-31,0,-30,0
1,1.5,0,1,11,-90,0,-89,0,-88,0,-87,0,-86,0,-85,0,-84,0,-83,0,-82,0,-81,0,-80,0,-79,0,-78,0,-77,0,-76,0,-75,0,-74,0,-73,0,-72,0,-71,0,-70,0,-69,0,-68,0,-67,0,-66,0,-65,1,-64,5.2499e-232,-63,0,-62,0,-61,0,-60,0,-59,0,-58,0,-57,0,-56,0,-55,0,-54,0,-53,0,-52,0,-51,0,-50,0,-49,0,-48,0,-47,0,-46,0,-45,0,-44,0,-43,0,-42,0,-41,0,-40,0,-39,0,-38,0,-37,0,-36,0,-35,0,-34,0,-33,0,-32,0,-31,0,-30,0
1,2,0,1,1,-90,0,-89,0,-88,0,-87,0,-86,0,-85,0,-84,0,-83,0,-82,0,-81,0,-80,0,-79,0,-78,0,-77,0,-76,0,-75,0,-74,0,-73,0,-72,0,-71,0,-70,0,-69,0,-68,0,-67,0,-66,0,-65,2.3981e-14,-64,6.202e-08,-63,0.0011921,-62,0.2142,-61,0.71273,-60,0.071775,-59,0.00010292,-58,1.2494e-09,-57,1.0938e-16,-56,6.5152e-26,-55,2.5714e-37,-54,6.6302e-51,-53,1.1075e-66,-52,1.192e-84,-51,8.2362e-105,-50,3.6442e-127,-49,1.0306e-151,-48,1.8601e-178,-47,2.1402e-207,-46,1.5685e-238,-45,7.3171e-272,-44,2.1714e-307,-43,0,-42,0,-41,0,-40,0,-39,0,-38,0,-37,0,-36,0,-35,0,-34,0,-33,0,-32,0,-31,0,-30,0
1,2,0,1,2,-90,0,-89,0,-88,0,-87,0,-86,0,-85,0,-84,0,-83,0,-82,0,-81,0,-80,0,-79,0,-78,0,-77,0,-76,0,-75,0,-74,0,-73,0,-72,0,-71,0,-70,0,-69,0,-68,0,-67,0.25182,-66,0.74818,-65,5.3871e-53,-64,2.5103e-214,-63,0,-62,0,-61,0,-60,0,-59,0,-58,0,-57,0,-56,0,-55,0,-54,0,-53,0,-52,0,-51,0,-50,0,-49,0,-48,0,-47,0,-46,0,-45,0,-44,0,-43,0,-42,0,-41,0,-40,0,-39,0,-38,0,-37,0,-36,0,-35,0,-34,0,-33,0,-32,0,-31,0,-30,0
1,2,0,1,3,-90,0,-89,0,-88,0,-87,0,-86,0,-85,0,-84,0,-83,0,-82,0,-81,0,-80,0,-79,0,-78,0,-77,0,-76,0,-75,0,-74,0,-73,0,-72,0,-71,0,-70,1,-69,0,-68,0,-67,0,-66,0,-65,0,-64,0,-63,0,-62,0,-61,0,-60,0,-59,0,-58,0,-57,0,-56,0,-55,0,-54,0,-53,0,-52,0,-51,0,-50,0,-49,0,-48,0,-47,0,-46,0,-45,0,-44,0,-43,0,-42,0,-41,0,-40,0,-39,0,-38,0,-37,0,-36,0,-35,0,-34,0,-33,0,-32,0,-31,0,-30,0
1,2,0,1,4,-90,0,-89,0,-88,0,-87,0,-86,0,-85,0,-84,0,-83,0,-82,0,-81,0,-80,0,-79,0,-78,0,-77,0,-76,0,-75,0,-74,0,-73,0,-72,0,-71,0,-70,0,-69,0,-68,0,-67,0,-66,1,-65,0,-64,0,-63,0,-62,0,-61,0,-60,0,-59,0,-58,0,-57,0,-56,0,-55,0,-54,0,-53,0,-52,0,-51,0,-50,0,-49,0,-48,0,-47,0,-46,0,-45,0,-44,0,-43,0,-42,0,-41,0,-40,0,-39,0,-38,0,-37,0,-36,0,-35,0,-34,0,-33,0,-32,0,-31,0,-30,0
1,2,0,1,5,-90,0,-89,0,-88,0,-87,0,-86,0,-85,0,-84,0,-83,0,-82,0,-81,0,-80,0,-79,0,-78,0,-77,0,-76,0,-75,0,-74,0,-73,0,-72,0,-71,0,-70,0,-69,0,-68,2.6972e-12,-67,0.00034853,-66,0.54477,-65,0.45473,-64,0.00014879,-63,5.3394e-13,-62,1.1336e-26,-61,1.248e-45,-60,6.7946e-70,-59,1.7898e-99,-58,2.2539e-134,-57,1.347e-174,-56,3.8024e-220,-55,5.0536e-271,-54,0,-53,0,-52,0,-51,0,-50,0,-49,0,-48,0,-47,0,-46,0,-45,0,-44,0,-43,0,-42,0,-41,0,-40,0,-39,0,-38,0,-37,0,-36,0,-35,0,-34,0,-33,0,-32,0,-31,0,-30,0
1,2,0,1,6,-90,0,-89,0,-88,0,-87,0,-86,0,-85,0,-84,0,-83,0,-82,0,-81,0,-80,0,-79,0,-78,0,-77,0,-76,0,-75,0,-74,0,-73,0,-72,0,-71,0,-70,0,-69,0,-68,0,-67,0,-66,0,-65,2.2204e-15,-64,0.0096453,-63,0.98957,-62,0.00078566,-61,2.3133e-18,-60,7.7319e-46,-59,2.1803e-86,-58,4.799e-140,-57,7.988e-207,-56,9.8956e-287,-55,0,-54,0,-53,0,-52,0,-51,0,-50,0,-49,0,-48,0,-47,0,-46,0,-45,0,-44,0,-43,0,-42,0,-41,0,-40,0,-39,0,-38,0,-37,0,-36,0,-35,0,-34,0,-33,0,-32,0,-31,0,-30,0
1,2,0,1,7,-90,0,-89,0,-88,0,-87,0,-86,0,-85,0,-84,0,-83,0,-82,0,-81,0,-80,0,-79,0,-78,0,-77,0,-76,0,-75,0,-74,0,-73,0,-72,0,-71,0,-70,0,-69,0,-68,0,-67,0,-66,0,-65,0,-64,0,-63,0,-62,0,-61,0,-60,1,-59,0,-58,0,-57,0,-56,0,-55,0,-54,0,-53,0,-52,0,-51,0,-50,0,-49,0,-48,0,-47,0,-46,0,-45,0,-44,0,-43,0,-42,0,-41,0,-40,0,-39,0,-38,0,-37,0,-36,0,-35,0,-34,0,-33,0,-32,0,-31,0,-30,0
1,2,0,1,8,-90,0,-89,0,-88,0,-87,0,-86,0,-85,0,-84,0,-83,0,-82,0,-81,0,-80,0,-79,0,-78,0,-77,0,-76,0,-75,0,-74,0,-73,0,-72,0,-71,0,-70,0,-69,0,-68,0,-67,0,-66,0,-65,0,-64,0,-63,0,-62,0,-61,0,-60,0,-59,0,-58,0.99767,-57,0.0023277,-56,4.7352e-317,-55,0,-54,0,-53,0,-52,0,-51,0,-50,0,-49,0,-48,0,-47,0,-46,0,-45,0,-44,0,-43,0,-42,0,-41,0,-40,0,-39,0,-38,0,-37,0,-36,0,-35,0,-34,0,-33,0,-32,0,-31,0,-30,0
1,2,0,1,9,-90,0,-89,0,-88,0,-87,0,-86,0,-85,0,-84,0,-83,0,-82,0,-81,0,-80,0,-79,0,-78,0,-77,0,-76,0,-75,0,-74,0,-73,0,-72,0,-71,0,-70,0,-69,0,-68,0,-67,0,-66,0,-65,0,-64,0,-63,0,-62,0,-61,0,-60,0,-59,0,-58,0,-57,0,-56,0,-55,0,-54,0,-53,1,-52,0,-51,0,-50,0,-49,0,-48,0,-47,0,-46,0,-45,0,-44,0,-43,0,-42,0,-41,0,-40,0,-39,0,-38,0,-37,0,-36,0,-35,0,-34,0,-33,0,-32,0,-31,0,-30,0
1,2,0,1,10,-90,0,-89,0,-88,0,-87,0,-86,0,-85,0,-84,0,-83,0,-82,0,-81,0,-80,0,-79,0,-78,0,-77,0,-76,0,-75,0,-74,0,-73,0,-72,0,-71,0,-70,0,-69,0,-68,0,-67,0,-66,0,-65,0,-64,0,-63,0,-62,0,-61,0,-60,0,-59,0,-58,0,-57,0,-56,0,-55,0,-54,4.2979e-08,-53,1,-52,1.3054e-298,-51,0,-50,0,-49,0,-48,0,-47,0,-46,0,-45,0,-44,0,-43,0,-42,0,-41,0,-40,0,-39,0,-38,0,-37,0,-36,0,-35,0,-34,0,-33,0,-32,0,-31,0,-30,0
1,2,0,1,11,-90,0,-89,0,-88,0,-87,0,-86,0,-85,0,-84,0,-83,0,-82,0,-81,0,-80,0,-79,0,-78,0,-77,0,-76,0,-75,0,-74,0,-73,0,-72,0,-71,0,-70,0,-69,0,-68,0,-67,0,-66,0.99954,-65,0.00046293,-64,6.0194e-134,-63,0,-62,0,-61,0,-60,0,-59,0,-58,0,-57,0,-56,0,-55,0,-54,0,-53,0,-52,0,-51,0,-50,0,-49,0,-48,0,-47,0,-46,0,-45,0,-44,0,-43,0,-42,0,-41,0,-40,0,-39,0,-38,0,-37,0,-36,0,-35,0,-34,0,-33,0,-32,0,-31,0,-30,0
1,2.5,0,1,1,-90,0,-89,0,-88,0,-87,0,-86,0,-85,0,-84,0,-83,0,-82,0,-81,0,-80,0,-79,0,-78,0,-77,0,-76,0,-75,0,-74,0,-73,0,-72,0,-71,0,-70,0,-69,0,-68,0,-67,0,-66,0,-65,1.5864e-07,-64,0.056886,-63,0.91752,-62,0.025591,-61,2.1103e-08,-60,1.0045e-19,-59,2.1389e-36,-58,1.8915e-58,-57,6.7354e-86,-56,9.5057e-119,-55,5.2686e-157,-54,1.1402e-200,-53,9.5979e-250,-52,3.134e-304,-51,0,-50,0,-49,0,-48,0,-47,0,-46,0,-45,0,-44,0,-43,0,-42,0,-41,0,-40,0,-39,0,-38,0,-37,0,-36,0,-35,0,-34,0,-33,0,-32,0,-31,0,-30,0
1,2.5,0,1,2,-90,0,-89,0,-88,0,-87,0,-86,0,-85,0,-84,0,-83,0,-82,0,-81,0,-80,0,-79,0,-78,0,-77,0,-76,0,-75,0,-74,0,-73,0,-72,0,-71,0,-70,0,-69,0,-68,0,-67,1,-66,1.0649e-102,-65,0,-64,0,-63,0,-62,0,-61,0,-60,0,-59,0,-58,0,-57,0,-56,0,-55,0,-54,0,-53,0,-52,0,-51,0,-50,0,-49,0,-48,0,-47,0,-46,0,-45,0,-44,0,-43,0,-42,0,-41,0,-40,0,-39,0,-38,0,-37,0,-36,0,-35,0,-34,0,-33,0,-32,0,-31,0,-30,0
1,2.5,0,1,3,-90,0,-89,0,-88,0,-87,0,-86,0,-85,0,-84,0,-83,0,-82,0,-81,0,-80,0,-79,0,-78,0,-77,0,-76,0,-75,0,-74,0,-73,0,-72,0,-71,0,-70,1,-69,1.0267e-15,-68,0,-67,0,-66,0,-65,0,-64,0,-63,0,-62,0,-61,0,-60,0,-59,0,-58,0,-57,0,-56,0,-55,0,-54,0,-53,0,-52,0,-51,0,-50,0,-49,0,-48,0,-47,0,-46,0,-45,0,-44,0,-43,0,-42,0,-41,0,-40,0,-39,0,-38,0,-37,0,-36,0,-35,0,-34,0,-33,0,-32,0,-31,0,-30,0
1,2.5,0,1,4,-90,0,-89,0,-88,0,-87,0,-86,0,-85,0,-84,0,-83,0,-82,0,-81,0,-80,0,-79,0,-78,0,-77,0,-76,0,-75,0,-74,0,-73,0,-72,0,-71,0,-70,0,-69,0,-68,0,-67,0,-66,1,-65,0,-64,0,-63,0,-62,0,-61,0,-60,0,-59,0,-58,0,-57,0,-56,0,-55,0,-54,0,-53,0,-52,0,-51,0,-50,0,-49,0,-48,0,-47,0,-46,0,-45,0,-44,0,-43,0,-42,0,-41,0,-40,0,-39,0,-38,0,-37,0,-36,0,-35,0,-34,0,-33,0,-32,0,-31,0,-30,0
1,2.5,0,1,5,-90,0,-89,0,-88,0,-87,0,-86,0,-85,0,-84,0,-83,0,-82,0,-81,0,-80,0,-79,0,-78,0,-77,0,-76,0,-75,0,-74,0,-73,0,-72,0,-71,0,-70,0,-69,0,-68,0,-67,0,-66,9.4956e-09,-65,0.01161,-64,0.84862,-63,0.13977,-62,4.658e-06,-61,3.5242e-15,-60,4.2492e-29,-59,7.4394e-48,-58,1.8229e-71,-57,6.1393e-100,-56,2.8128e-133,-55,1.7421e-171,-54,1.4524e-214,-53,1.6251e-262,-52,2.4355e-315,-51,0,-50,0,-49,0,-48,0,-47,0,-46,0,-45,0,-44,0,-43,0,-42,0,-41,0,-40,0,-39,0,-38,0,-37,0,-36,0,-35,0,-34,0,-33,0,-32,0,-31,0,-30,0
1,2.5,0,1,6,-90,0,-89,0,-88,0,-87,0,-86,0,-85,0,-84,0,-83,0,-82,0,-81,0,-80,0,-79,0,-78,0,-77,0,-76,0,-75,0,-74,0,-73,0,-72,0,-71,0,-70,0,-69,0,-68,0,-67,0,-66,0,-65,0,-64,0,-63,3.5441e-10,-62,1,-61,3.8441e-06,-60,6.8027e-52,-59,1.6423e-146,-58,3.4097e-290,-57,0,-56,0,-55,0,-54,0,-53,0,-52,0,-51,0,-50,0,-49,0,-48,0,-47,0,-46,0,-45,0,-44,0,-43,0,-42,0,-41,0,-40,0,-39,0,-38,0,-37,0,-36,0,-35,0,-34,0,-33,0,-32,0,-31,0,-30,0
1,2.5,0,1,7,-90,0,-89,0,-88,0,-87,0,-86,0,-85,0,-84,0,-83,0,-82,0,-81,0,-80,0,-79,0,-78,0,-77,0,-76,0,-75,0,-74,0,-73,0,-72,0,-71,0,-70,0,-69,0,-68,0,-67,0,-66,0,-65,0,-64,0,-63,0,-62,0,-61,0,-60,1,-59,0,-58,0,-57,0,-56,0,-55,0,-54,0,-53,0,-52,0,-51,0,-50,0,-49,0,-48,0,-47,0,-46,0,-45,0,-44,0,-43,0,-42,0,-41,0,-40,0,-39,0,-38,0,-37,0,-36,0,-35,0,-34,0,-33,0,-32,0,-31,0,-30,0
1,2.5,0,1,8,-90,0,-89,0,-88,0,-87,0,-86,0,-85,0,-84,0,-83,0,-82,0,-81,0,-80,0,-79,0,-78,0,-77,0,-76,0,-75,0,-74,0,-73,0,-72,0,-71,0,-70,0,-69,0,-68,0,-67,0,-66,0,-65,0,-64,0,-63,0,-62,0,-61,0,-60,0,-59,0,-58,0,-57,1,-56,0,-55,0,-54,0,-53,0,-52,0,-51,0,-50,0,-49,0,-48,0,-47,0,-46,0,-45,0,-44,0,-43,0,-42,0,-41,0,-40,0,-39,0,-38,0,-37,0,-36,0,-35,0,-34,0,-33,0,-32,0,-31,0,-30,0
1,2.5,0,1,9,-90,0,-89,0,-88,0,-87,0,-86,0,-85,0,-84,0,-83,0,-82,0,-81,0,-80,0,-79,0,-78,0,-77,0,-76,0,-75,0,-74,0,-73,0,-72,0,-71,0,-70,0,-69,0,-68,0,-67,0,-66,0,-65,0,-64,0,-63,0,-62,0,-61,0,-60,0,-59,0,-58,0,-57,0,-56,0,-55,0,-54,0,-53,0.016481,-52,0.98352,-51,4.9923e-202,-50,0,-49,0,-48,0,-47,0,-46,0,-45,0,-44,0,-43,0,-42,0,-41,0,-40,0,-39,0,-38,0,-37,0,-36,0,-35,0,-34,0,-33,0,-32,0,-31,0,-30,0
1,2.5,0,1,10,-90,0,-89,0,-88,0,-87,0,-86,0,-85,0,-84,0,-83,0,-82,0,-81,0,-80,0,-79,0,-78,0,-77,0,-76,0,-75,0,-74,0,-73,0,-72,0,-71,0,-70,0,-69,0,-68,0,-67,0,-66,0,-65,0,-64,0,-63,0,-62,0,-61,0,-60,0,-59,0,-58,0,-57,0,-56,0,-55,0,-54,1,-53,1.0166e-29,-52,0,-51,0,-50,0,-49,0,-48,0,-47,0,-46,0,-45,0,-44,0,-43,0,-42,0,-41,0,-40,0,-39,0,-38,0,-37,0,-36,0,-35,0,-34,0,-33,0,-32,0,-31,0,-30,0
1,2.5,0,1,11,-90,0,-89,0,-88,0,-87,0,-86,0,-85,0,-84,0,-83,0,-82,0,-81,0,-80,0,-79,0,-78,0,-77,0,-76,0,-75,0,-74,0,-73,0,-72,0,-71,0,-70,0,-69,0,-68,0,-67,0.35773,-66,0.64227,-65,2.5414e-27,-64,1.5201e-106,-63,1.9948e-239,-62,0,-61,0,-60,0,-59,0,-58,0,-57,0,-56,0,-55,0,-54,0,-53,0,-52,0,-51,0,-50,0,-49,0,-48,0,-47,0,-46,0,-45,0,-44,0,-43,0,-42,0,-41,0,-40,0,-39,0,-38,0,-37,0,-36,0,-35,0,-34,0,-33,0,-32,0,-31,0,-30,0
1,3,0,1,1,-90,0,-89,0,-88,0,-87,0,-86,0,-85,0,-84,0,-83,0,-82,0,-81,0,-80,0,-79,0,-78,0,-77,0,-76,0,-75,0,-74,0,-73,0,-72,0,-71,0,-70,0,-69,0,-68,0,-67,0,-66,6.3727e-14,-65,0.43536,-64,0.56464,-63,7.037e-13,-62,7.1695e-47,-61,1.5277e-103,-60,5.7674e-183,-59,3.6582e-285,-58,0,-57,0,-56,0,-55,0,-54,0,-53,0,-52,0,-51,0,-50,0,-49,0,-48,0,-47,0,-46,0,-45,0,-44,0,-43,0,-42,0,-41,0,-40,0,-39,0,-38,0,-37,0,-36,0,-35,0,-34,0,-33,0,-32,0,-31,0,-30,0
1,3,0,1,2,-90,0,-89,0,-88,0,-87,0,-86,0,-85,0,-84,0,-83,0,-82,0,-81,0,-80,0,-79,0,-78,0,-77,0,-76,0,-75,0,-74,0,-73,0,-72,0,-71,0,-70,0,-69,0,-68,0.75744,-67,0.24256,-66,0,-65,0,-64,0,-63,0,-62,0,-61,0,-60,0,-59,0,-58,0,-57,0,-56,0,-55,0,-54,0,-53,0,-52,0,-51,0,-50,0,-49,0,-48,0,-47,0,-46,0,-45,0,-44,0,-43,0,-42,0,-41,0,-40,0,-39,0,-38,0,-37,0,-36,0,-35,0,-34,0,-33,0,-32,0,-31,0,-30,0
1,3,0,1,3,-90,0,-89,0,-88,0,-87,0,-86,0,-85,0,-84,0,-83,0,-82,0,-81,0,-80,0,-79,0,-78,0,-77,0,-76,0,-75,0,-74,0,-73,0,-72,0,-71,0,-70,0,-69,1,-68,6.9846e-166,-67,0,-66,0,-65,0,-64,0,-63,0,-62,0,-61,0,-60,0,-59,0,-58,0,-57,0,-56,0,-55,0,-54,0,-53,0,-52,0,-51,0,-50,0,-49,0,-48,0,-47,0,-46,0,-45,0,-44,0,-43,0,-42,0,-41,0,-40,0,-39,0,-38,0,-37,0,-36,0,-35,0,-34,0,-33,0,-32,0,-31,0,-30,0
1,3,0,1,4,-90,0,-89,0,-88,0,-87,0,-86,0,-85,0,-84,0,-83,0,-82,0,-81,0,-80,0,-79,0,-78,0,-77,0,-76,0,-75,0,-74,0,-73,0,-72,0,-71,0,-70,0,-69,0,-68,0,-67,0,-66,1,-65,0,-64,0,-63,0,-62,0,-61,0,-60,0,-59,0,-58,0,-57,0,-56,0,-55,0,-54,0,-53,0,-52,0,-51,0,-50,0,-49,0,-48,0,-47,0,-46,0,-45,0,-44,0,-43,0,-42,0,-41,0,-40,0,-39,0,-38,0,-37,0,-36,0,-35,0,-34,0,-33,0,-32,0,-31,0,-30,0
1,3,0,1,5,-90,0,-89,0,-88,0,-87,0,-86,0,-85,0,-84,0,-83,0,-82,0,-81,0,-80,0,-79,0,-78,0,-77,0,-76,0,-75,0,-74,0,-73,0,-72,0,-71,0,-70,0,-69,0,-68,0,-67,0,-66,0,-65,4.885e-15,-64,2.7989e-06,-63,0.090244,-62,0.87849,-61,0.031262,-60,2.0488e-07,-59,6.9169e-17,-58,9.555e-31,-57,5.0346e-49,-56,9.8199e-72,-55,6.9818e-99,-54,1.7933e-130,-53,1.6546e-166,-52,5.4632e-207,-51,6.4379e-252,-50,2.7023e-301,-49,0,-48,0,-47,0,-46,0,-45,0,-44,0,-43,0,-42,0,-41,0,-40,0,-39,0,-38,0,-37,0,-36,0,-35,0,-34,0,-33,0,-32,0,-31,0,-30,0
1,3,0,1,6,-90,0,-89,0,-88,0,-87,0,-86,0,-85,0,-84,0,-83,0,-82,0,-81,0,-80,0,-79,0,-78,0,-77,0,-76,0,-75,0,-74,0,-73,0,-72,0,-71,0,-70,0,-69,0,-68,0,-67,0,-66,0,-65,0,-64,0,-63,0,-62,0,-61,1,-60,3.3566e-61,-59,0,-58,0,-57,0,-56,0,-55,0,-54,0,-53,0,-52,0,-51,0,-50,0,-49,0,-48,0,-47,0,-46,0,-45,0,-44,0,-43,0,-42,0,-41,0,-40,0,-39,0,-38,0,-37,0,-36,0,-35,0,-34,0,-33,0,-32,0,-31,0,-30,0
1,3,0,1,7,-90,0,-89,0,-88,0,-87,0,-86,0,-85,0,-84,0,-83,0,-82,0,-81,0,-80,0,-79,0,-78,0,-77,0,-76,0,-75,0,-74,0,-73,0,-72,0,-71,0,-70,0,-69,0,-68,0,-67,0,-66,0,-65,0,-64,0,-63,0,-62,0,-61,0,-60,1,-59,9.4619e-20,-58,0,-57,0,-56,0,-55,0,-54,0,-53,0,-52,0,-51,0,-50,0,-49,0,-48,0,-47,0,-46,0,-45,0,-44,0,-43,0,-42,0,-41,0,-40,0,-39,0,-38,0,-37,0,-36,0,-35,0,-34,0,-33,0,-32,0,-31,0,-30,0
1,3,0,1,8,-90,0,-89,0,-88,0,-87,0,-86,0,-85,0,-84,0,-83,0,-82,0,-81,0,-80,0,-79,0,-78,0,-77,0,-76,0,-75,0,-74,0,-73,0,-72,0,-71,0,-70,0,-69,0,-68,0,-67,0,-66,0,-65,0,-64,0,-63,0,-62,0,-61,0,-60,0,-59,0,-58,0,-57,1,-56,0,-55,0,-54,0,-53,0,-52,0,-51,0,-50,0,-49,0,-48,0,-47,0,-46,0,-45,0,-44,0,-43,0,-42,0,-41,0,-40,0,-39,0,-38,0,-37,0,-36,0,-35,0,-34,0,-33,0,-32,0,-31,0,-30,0
1,3,0,1,9,-90,0,-89,0,-88,0,-87,0,-86,0,-85,0,-84,0,-83,0,-82,0,-81,0,-80,0,-79,0,-78,0,-77,0,-76,0,-75,0,-74,0,-73,0,-72,0,-71,0,-70,0,-69,0,-68,0,-67,0,-66,0,-65,0,-64,0,-63,0,-62,0,-61,0,-60,0,-59,0,-58,0,-57,0,-56,0,-55,0,-54,0,-53,0,-52,0.99891,-51,0.0010855,-50,3.4458e-61,-49,3.4574e-196,-48,0,-47,0,-46,0,-45,0,-44,0,-43,0,-42,0,-41,0,-40,0,-39,0,-38,0,-37,0,-36,0,-35,0,-34,0,-33,0,-32,0,-31,0,-30,0
1,3,0,1,10,-90,0,-89,0,-88,0,-87,0,-86,0,-85,0,-84,0,-83,0,-82,0,-81,0,-80,0,-79,0,-78,0,-77,0,-76,0,-75,0,-74,0,-73,0,-72,0,-71,0,-70,0,-69,0,-68,0,-67,0,-66,0,-65,0,-64,0,-63,0,-62,0,-61,0,-60,0,-59,0,-58,0,-57,0,-56,0,-55,0.86235,-54,0.13765,-53,4.1677e-104,-52,0,-51,0,-50,0,-49,0,-48,0,-47,0,-46,0,-45,0,-44,0,-43,0,-42,0,-41,0,-40,0,-39,0,-38,0,-37,0,-36,0,-35,0,-34,0,-33,0,-32,0,-31,0,-30,0
1,3,0,1,11,-90,0,-89,0,-88,0,-87,0,-86,0,-85,0,-84,0,-83,0,-82,0,-81,0,-80,0,-79,0,-78,0,-77,0,-76,0,-75,0,-74,0,-73,0,-72,0,-71,0,-70,0,-69,7.3941e-14,-68,0.55441,-67,0.44559,-66,9.1097e-15,-65,2.1104e-52,-64,1.6218e-114,-63,3.5325e-201,-62,2.0719e-312,-61,0,-60,0,-59,0,-58,0,-57,0,-56,0,-55,0,-54,0,-53,0,-52,0,-51,0,-50,0,-49,0,-48,0,-47,0,-46,0,-45,0,-44,0,-43,0,-42,0,-41,0,-40,0,-39,0,-38,0,-37,0,-36,0,-35,0,-34,0,-33,0,-32,0,-31,0,-30,0
1,3.5,0,1,1,-90,0,-89,0,-88,0,-87,0,-86,0,-85,0,-84,0,-83,0,-82,0,-81,0,-80,0,-79,0,-78,0,-77,0,-76,0,-75,0,-74,0,-73,0,-72,0,-71,0,-70,0,-69,0,-68,0,-67,0,-66,0.013923,-65,0.98608,-64,2.6167e-81,-63,0,-62,0,-61,0,-60,0,-59,0,-58,0,-57,0,-56,0,-55,0,-54,0,-53,0,-52,0,-51,0,-50,0,-49,0,-48,0,-47,0,-46,0,-45,0,-44,0,-43,0,-42,0,-41,0,-40,0,-39,0,-38,0,-37,0,-36,0,-35,0,-34,0,-33,0,-32,0,-31,0,-30,0
1,3.5,0,1,2,-90,0,-89,0,-88,0,-87,0,-86,0,-85,0,-84,0,-83,0,-82,0,-81,0,-80,0,-79,0,-78,0,-77,0,-76,0,-75,0,-74,0,-73,0,-72,0,-71,0,-70,0,-69,0,-68,1,-67,0,-66,0,-65,0,-64,0,-63,0,-62,0,-61,0,-60,0,-59,0,-58,0,-57,0,-56,0,-55,0,-54,0,-53,0,-52,0,-51,0,-50,0,-49,0,-48,0,-47,0,-46,0,-45,0,-44,0,-43,0,-42,0,-41,0,-40,0,-39,0,-38,0,-37,0,-36,0,-35,0,-34,0,-33,0,-32,0,-31,0,-30,0
1,3.5,0,1,3,-90,0,-89,0,-88,0,-87,0,-86,0,-85,0,-84,0,-83,0,-82,0,-81,0,-80,0,-79,0,-78,0,-77,0,-76,0,-75,0,-74,0,-73,0,-72,0,-71,0,-70,0,-69,1,-68,1.9884e-19,-67,0,-66,0,-65,0,-64,0,-63,0,-62,0,-61,0,-60,0,-59,0,-58,0,-57,0,-56,0,-55,0,-54,0,-53,0,-52,0,-51,0,-50,0,-49,0,-48,0,-47,0,-46,0,-45,0,-44,0,-43,0,-42,0,-41,0,-40,0,-39,0,-38,0,-37,0,-36,0,-35,0,-34,0,-33,0,-32,0,-31,0,-30,0
1,3.5,0,1,4,-90,0,-89,0,-88,0,-87,0,-86,0,-85,0,-84,0,-83,0,-82,0,-81,0,-80,0,-79,0,-78,0,-77,0,-76,0,-75,0,-74,0,-73,0,-72,0,-71,0,-70,0,-69,0,-68,0,-67,0,-66,1,-65,0,-64,0,-63,0,-62,0,-61,0,-60,0,-59,0,-58,0,-57,0,-56,0,-55,0,-54,0,-53,0,-52,0,-51,0,-50,0,-49,0,-48,0,-47,0,-46,0,-45,0,-44,0,-43,0,-42,0,-41,0,-40,0,-39,0,-38,0,-37,0,-36,0,-35,0,-34,0,-33,0,-32,0,-31,0,-30,0
1,3.5,0,1,5,-90,0,-89,0,-88,0,-87,0,-86,0,-85,0,-84,0,-83,0,-82,0,-81,0,-80,0,-79,0,-78,0,-77,0,-76,0,-75,0,-74,0,-73,0,-72,0,-71,0,-70,0,-69,0,-68,0,-67,0,-66,0,-65,0,-64,0,-63,1.1225e-10,-62,0.00023101,-61,0.25434,-60,0.73085,-59,0.014571,-58,2.5403e-07,-57,1.8463e-15,-56,4.7364e-27,-55,4.0515e-42,-54,1.1262e-60,-53,1.0036e-82,-52,2.8435e-108,-51,2.5485e-137,-50,7.1994e-170,-49,6.3945e-206,-48,1.7824e-245,-47,1.557e-288,-46,0,-45,0,-44,0,-43,0,-42,0,-41,0,-40,0,-39,0,-38,0,-37,0,-36,0,-35,0,-34,0,-33,0,-32,0,-31,0,-30,0
1,3.5,0,1,6,-90,0,-89,0,-88,0,-87,0,-86,0,-85,0,-84,0,-83,0,-82,0,-81,0,-80,0,-79,0,-78,0,-77,0,-76,0,-75,0,-74,0,-73,0,-72,0,-71,0,-70,0,-69,0,-68,0,-67,0,-66,0,-65,0,-64,0,-63,0,-62,0,-61,1,-60,1.5054e-33,-59,0,-58,0,-57,0,-56,0,-55,0,-54,0,-53,0,-52,0,-51,0,-50,0,-49,0,-48,0,-47,0,-46,0,-45,0,-44,0,-43,0,-42,0,-41,0,-40,0,-39,0,-38,0,-37,0,-36,0,-35,0,-34,0,-33,0,-32,0,-31,0,-30,0
1,3.5,0,1,7,-90,0,-89,0,-88,0,-87,0,-86,0,-85,0,-84,0,-83,0,-82,0,-81,0,-80,0,-79,0,-78,0,-77,0,-76,0,-75,0,-74,0,-73,0,-72,0,-71,0,-70,0,-69,0,-68,0,-67,0,-66,0,-65,0,-64,0,-63,0,-62,0,-61,0,-60,0,-59,1,-58,0,-57,0,-56,0,-55,0,-54,0,-53,0,-52,0,-51,0,-50,0,-49,0,-48,0,-47,0,-46,0,-45,0,-44,0,-43,0,-42,0,-41,0,-40,0,-39,0,-38,0,-37,0,-36,0,-35,0,-34,0,-33,0,-32,0,-31,0,-30,0
1,3.5,0,1,8,-90,0,-89,0,-88,0,-87,0,-86,0,-85,0,-84,0,-83,0,-82,0,-81,0,-80,0,-79,0,-78,0,-77,0,-76,0,-75,0,-74,0,-73,0,-72,0,-71,0,-70,0,-69,0,-68,0,-67,0,-66,0,-65,0,-64,0,-63,0,-62,0,-61,0,-60,0,-59,0,-58,0,-57,1,-56,0,-55,0,-54,0,-53,0,-52,0,-51,0,-50,0,-49,0,-48,0,-47,0,-46,0,-45,0,-44,0,-43,0,-42,0,-41,0,-40,0,-39,0,-38,0,-37,0,-36,0,-35,0,-34,0,-33,0,-32,0,-31,0,-30,0
1,3.5,0,1,9,-90,0,-89,0,-88,0,-87,0,-86,0,-85,0,-84,0,-83,0,-82,0,-81,0,-80,0,-79,0,-78,0,-77,0,-76,0,-75,0,-74,0,-73,0,-72,0,-71,0,-70,0,-69,0,-68,0,-67,0,-66,0,-65,0,-64,0,-63,0,-62,0,-61,0,-60,0,-59,0,-58,0,-57,0,-56,0,-55,0,-54,0,-53,0,-52,1.7157e-10,-51,0.98134,-50,0.018664,-49,7.9511e-26,-48,3.615e-79,-47,9.0404e-163,-46,1.1064e-276,-45,0,-44,0,-43,0,-42,0,-41,0,-40,0,-39,0,-38,0,-37,0,-36,0,-35,0,-34,0,-33,0,-32,0,-31,0,-30,0
1,3.5,0,1,10,-90,0,-89,0,-88,0,-87,0,-86,0,-85,0,-84,0,-83,0,-82,0,-81,0,-80,0,-79,0,-78,0,-77,0,-76,0,-75,0,-74,0,-73,0,-72,0,-71,0,-70,0,-69,0,-68,0,-67,0,-66,0,-65,0,-64,0,-63,0,-62,0,-61,0,-60,0,-59,0,-58,0,-57,0,-56,2.0433e-05,-55,0.99998,-54,4.536e-44,-53,6.3647e-223,-52,0,-51,0,-50,0,-49,0,-48,0,-47,0,-46,0,-45,0,-44,0,-43,0,-42,0,-41,0,-40,0,-39,0,-38,0,-37,0,-36,0,-35,0,-34,0,-33,0,-32,0,-31,0,-30,0
1,3.5,0,1,11,-90,0,-89,0,-88,0,-87,0,-86,0,-85,0,-84,0,-83,0,-82,0,-81,0,-80,0,-79,0,-78,0,-77,0,-76,0,-75,0,-74,0,-73,0,-72,0,-71,0,-70,2.6318e-07,-69,0.92398,-68,0.076021,-67,1.6218e-15,-66,7.1098e-47,-65,3.3685e-96,-64,1.5321e-163,-63,6.4118e-249,-62,0,-61,0,-60,0,-59,0,-58,0,-57,0,-56,0,-55,0,-54,0,-53,0,-52,0,-51,0,-50,0,-49,0,-48,0,-47,0,-46,0,-45,0,-44,0,-43,0,-42,0,-41,0,-40,0,-39,0,-38,0,-37,0,-36,0,-35,0,-34,0,-33,0,-32,0,-31,0,-30,0
1,4,0,1,1,-90,0,-89,0,-88,0,-87,0,-86,0,-85,0,-84,0,-83,0,-82,0,-81,0,-80,0,-79,0,-78,0,-77,0,-76,0,-75,0,-74,0,-73,0,-72,0,-71,0,-70,0,-69,0,-68,0,-67,0,-66,1,-65,0,-64,0,-63,0,-62,0,-61,0,-60,0,-59,0,-58,0,-57,0,-56,0,-55,0,-54,0,-53,0,-52,0,-51,0,-50,0,-49,0,-48,0,-47,0,-46,0,-45,0,-44,0,-43,0,-42,0,-41,0,-40,0,-39,0,-38,0,-37,0,-36,0,-35,0,-34,0,-33,0,-32,0,-31,0,-30,0
1,4,0,1,2,-90,0,-89,0,-88,0,-87,0,-86,0,-85,0,-84,0,-83,0,-82,0,-81,0,-80,0,-79,0,-78,0,-77,0,-76,0,-75,0,-74,0,-73,0,-72,0,-71,0,-70,0,-69,0,-68,1,-67,2.0142e-98,-66,0,-65,0,-64,0,-63,0,-62,0,-61,0,-60,0,-59,0,-58,0,-57,0,-56,0,-55,0,-54,0,-53,0,-52,0,-51,0,-50,0,-49,0,-48,0,-47,0,-46,0,-45,0,-44,0,-43,0,-42,0,-41,0,-40,0,-39,0,-38,0,-37,0,-36,0,-35,0,-34,0,-33,0,-32,0,-31,0,-30,0
1,4,0,1,3,-90,0,-89,0,-88,0,-87,0,-86,0,-85,0,-84,0,-83,0,-82,0,-81,0,-80,0,-79,0,-78,0,-77,0,-76,0,-75,0,-74,0,-73,0,-72,0,-71,0,-70,0,-69,0,-68,1,-67,0,-66,0,-65,0,-64,0,-63,0,-62,0,-61,0,-60,0,-59,0,-58,0,-57,0,-56,0,-55,0,-54,0,-53,0,-52,0,-51,0,-50,0,-49,0,-48,0,-47,0,-46,0,-45,0,-44,0,-43,0,-42,0,-41,0,-40,0,-39,0,-38,0,-37,0,-36,0,-35,0,-34,0,-33,0,-32,0,-31,0,-30,0
1,4,0,1,4,-90,0,-89,0,-88,0,-87,0,-86,0,-85,0,-84,0,-83,0,-82,0,-81,0,-80,0,-79,0,-78,0,-77,0,-76,0,-75,0,-74,0,-73,0,-72,0,-71,0,-70,0,-69,0,-68,0,-67,0,-66,1,-65,1.1327e-52,-64,0,-63,0,-62,0,-61,0,-60,0,-59,0,-58,0,-57,0,-56,0,-55,0,-54,0,-53,0,-52,0,-51,0,-50,0,-49,0,-48,0,-47,0,-46,0,-45,0,-44,0,-43,0,-42,0,-41,0,-40,0,-39,0,-38,0,-37,0,-36,0,-35,0,-34,0,-33,0,-32,0,-31,0,-30,0
1,4,0,1,5,-90,0,-89,0,-88,0,-87,0,-86,0,-85,0,-84,0,-83,0,-82,0,-81,0,-80,0,-79,0,-78,0,-77,0,-76,0,-75,0,-74,0,-73,0,-72,0,-71,0,-70,0,-69,0,-68,0,-67,0,-66,0,-65,0,-64,0,-63,0,-62,3.1086e-15,-61,4.524e-08,-60,0.0019183,-59,0.32889,-58,0.64729,-57,0.021901,-56,3.9201e-06,-55,2.2094e-12,-54,3.4039e-21,-53,1.3612e-32,-52,1.3792e-46,-51,3.495e-63,-50,2.1979e-82,-49,3.4128e-104,-48,1.3039e-128,-47,1.2228e-155,-46,2.8097e-185,-45,1.5796e-217,-44,2.1706e-252,-43,7.2839e-290,-42,0,-41,0,-40,0,-39,0,-38,0,-37,0,-36,0,-35,0,-34,0,-33,0,-32,0,-31,0,-30,0
1,4,0,1,6,-90,0,-89,0,-88,0,-87,0,-86,0,-85,0,-84,0,-83,0,-82,0,-81,0,-80,0,-79,0,-78,0,-77,0,-76,0,-75,0,-74,0,-73,0,-72,0,-71,0,-70,0,-69,0,-68,0,-67,0,-66,0,-65,0,-64,0,-63,0,-62,0,-61,0,-60,1,-59,0,-58,0,-57,0,-56,0,-55,0,-54,0,-53,0,-52,0,-51,0,-50,0,-49,0,-48,0,-47,0,-46,0,-45,0,-44,0,-43,0,-42,0,-41,0,-40,0,-39,0,-38,0,-37,0,-36,0,-35,0,-34,0,-33,0,-32,0,-31,0,-30,0
1,4,0,1,7,-90,0,-89,0,-88,0,-87,0,-86,0,-85,0,-84,0,-83,0,-82,0,-81,0,-80,0,-79,0,-78,0,-77,0,-76,0,-75,0,-74,0,-73,0,-72,0,-71,0,-70,0,-69,0,-68,0,-67,0,-66,0,-65,0,-64,0,-63,0,-62,0,-61,0,-60,0,-59,1,-58,7.852e-53,-57,0,-56,0,-55,0,-54,0,-53,0,-52,0,-51,0,-50,0,-49,0,-48,0,-47,0,-46,0,-45,0,-44,0,-43,0,-42,0,-41,0,-40,0,-39,0,-38,0,-37,0,-36,0,-35,0,-34,0,-33,0,-32,0,-31,0,-30,0
1,4,0,1,8,-90,0,-89,0,-88,0,-87,0,-86,0,-85,0,-84,0,-83,0,-82,0,-81,0,-80,0,-79,0,-78,0,-77,0,-76,0,-75,0,-74,0,-73,0,-72,0,-71,0,-70,0,-69,0,-68,0,-67,0,-66,0,-65,0,-64,0,-63,0,-62,0,-61,0,-60,0,-59,0,-58,0.0079511,-57,0.99205,-56,3.4165e-218,-55,0,-54,0,-53,0,-52,0,-51,0,-50,0,-49,0,-48,0,-47,0,-46,0,-45,0,-44,0,-43,0,-42,0,-41,0,-40,0,-39,0,-38,0,-37,0,-36,0,-35,0,-34,0,-33,0,-32,0,-31,0,-30,0
1,4,0,1,9,-90,0,-89,0,-88,0,-87,0,-86,0,-85,0,-84,0,-83,0,-82,0,-81,0,-80,0,-79,0,-78,0,-77,0,-76,0,-75,0,-74,0,-73,0,-72,0,-71,0,-70,0,-69,0,-68,0,-67,0,-66,0,-65,0,-64,0,-63,0,-62,0,-61,0,-60,0,-59,0,-58,0,-57,0,-56,0,-55,0,-54,0,-53,0,-52,0,-51,1.5019e-10,-50,0.75211,-49,0.24789,-48,9.2338e-15,-47,7.7347e-49,-46,5.7823e-104,-45,3.3536e-180,-44,1.4389e-277,-43,0,-42,0,-41,0,-40,0,-39,0,-38,0,-37,0,-36,0,-35,0,-34,0,-33,0,-32,0,-31,0,-30,0
1,4,0,1,10,-90,0,-89,0,-88,0,-87,0,-86,0,-85,0,-84,0,-83,0,-82,0,-81,0,-80,0,-79,0,-78,0,-77,0,-76,0,-75,0,-74,0,-73,0,-72,0,-71,0,-70,0,-69,0,-68,0,-67,0,-66,0,-65,0,-64,0,-63,0,-62,0,-61,0,-60,0,-59,0,-58,0,-57,0,-56,1,-55,4.3659e-22,-54,1.6761e-179,-53,0,-52,0,-51,0,-50,0,-49,0,-48,0,-47,0,-46,0,-45,0,-44,0,-43,0,-42,0,-41,0,-40,0,-39,0,-38,0,-37,0,-36,0,-35,0,-34,0,-33,0,-32,0,-31,0,-30,0
1,4,0,1,11,-90,0,-89,0,-88,0,-87,0,-86,0,-85,0,-84,0,-83,0,-82,0,-81,0,-80,0,-79,0,-78,0,-77,0,-76,0,-75,0,-74,0,-73,0,-72,0,-71,2.1399e-05,-70,0.9993,-69,0.00068338,-68,4.5545e-26,-67,4.3467e-71,-66,3.9285e-139,-65,3.0654e-230,-64,0,-63,0,-62,0,-61,0,-60,0,-59,0,-58,0,-57,0,-56,0,-55,0,-54,0,-53,0,-52,0,-51,0,-50,0,-49,0,-48,0,-47,0,-46,0,-45,0,-44,0,-43,0,-42,0,-41,0,-40,0,-39,0,-38,0,-37,0,-36,0,-35,0,-34,0,-33,0,-32,0,-31,0,-30,0
1,4.5,0,1,1,-90,0,-89,0,-88,0,-87,0,-86,0,-85,0,-84,0,-83,0,-82,0,-81,0,-80,0,-79,0,-78,0,-77,0,-76,0,-75,0,-74,0,-73,0,-72,0,-71,0,-70,0,-69,0,-68,0,-67,0,-66,1,-65,0,-64,0,-63,0,-62,0,-61,0,-60,0,-59,0,-58,0,-57,0,-56,0,-55,0,-54,0,-53,0,-52,0,-51,0,-50,0,-49,0,-48,0,-47,0,-46,0,-45,0,-44,0,-43,0,-42,0,-41,0,-40,0,-39,0,-38,0,-37,0,-36,0,-35,0,-34,0,-33,0,-32,0,-31,0,-30,0
1,4.5,0,1,2,-90,0,-89,0,-88,0,-87,0,-86,0,-85,0,-84,0,-83,0,-82,0,-81,0,-80,0,-79,0,-78,0,-77,0,-76,0,-75,0,-74,0,-73,0,-72,0,-71,0,-70,0,-69,0,-68,0,-67,1,-66,0,-65,0,-64,0,-63,0,-62,0,-61,0,-60,0,-59,0,-58,0,-57,0,-56,0,-55,0,-54,0,-53,0,-52,0,-51,0,-50,0,-49,0,-48,0,-47,0,-46,0,-45,0,-44,0,-43,0,-42,0,-41,0,-40,0,-39,0,-38,0,-37,0,-36,0,-35,0,-34,0,-33,0,-32,0,-31,0,-30,0
1,4.5,0,1,3,-90,0,-89,0,-88,0,-87,0,-86,0,-85,0,-84,0,-83,0,-82,0,-81,0,-80,0,-79,0,-78,0,-77,0,-76,0,-75,0,-74,0,-73,0,-72,0,-71,0,-70,0,-69,0,-68,1,-67,0,-66,0,-65,0,-64,0,-63,0,-62,0,-61,0,-60,0,-59,0,-58,0,-57,0,-56,0,-55,0,-54,0,-53,0,-52,0,-51,0,-50,0,-49,0,-48,0,-47,0,-46,0,-45,0,-44,0,-43,0,-42,0,-41,0,-40,0,-39,0,-38,0,-37,0,-36,0,-35,0,-34,0,-33,0,-32,0,-31,0,-30,0
1,4.5,0,1,4,-90,0,-89,0,-88,0,-87,0,-86,0,-85,0,-84,0,-83,0,-82,0,-81,0,-80,0,-79,0,-78,0,-77,0,-76,0,-75,0,-74,0,-73,0,-72,0,-71,0,-70,0,-69,0,-68,0,-67,0,-66,0,-65,1,-64,0,-63,0,-62,0,-61,0,-60,0,-59,0,-58,0,-57,0,-56,0,-55,0,-54,0,-53,0,-52,0,-51,0,-50,0,-49,0,-48,0,-47,0,-46,0,-45,0,-44,0,-43,0,-42,0,-41,0,-40,0,-39,0,-38,0,-37,0,-36,0,-35,0,-34,0,-33,0,-32,0,-31,0,-30,0
1,4.5,0,1,5,-90,0,-89,0,-88,0,-87,0,-86,0,-85,0,-84,0,-83,0,-82,0,-81,0,-80,0,-79,0,-78,0,-77,0,-76,0,-75,0,-74,0,-73,0,-72,0,-71,0,-70,0,-69,0,-68,0,-67,0,-66,0,-65,0,-64,0,-63,0,-62,0,-61,0,-60,1.6653e-15,-59,2.8301e-08,-58,0.0014525,-57,0.29798,-56,0.67349,-55,0.027073,-54,6.0116e-06,-53,4.2825e-12,-52,8.4454e-21,-51,4.3708e-32,-50,5.7918e-46,-49,1.9391e-62,-48,1.6272e-81,-47,3.4054e-103,-46,1.771e-127,-45,2.2832e-154,-44,7.2835e-184,-43,5.7411e-216,-42,1.117e-250,-41,5.3596e-288,-40,0,-39,0,-38,0,-37,0,-36,0,-35,0,-34,0,-33,0,-32,0,-31,0,-30,0
1,4.5,0,1,6,-90,0,-89,0,-88,0,-87,0,-86,0,-85,0,-84,0,-83,0,-82,0,-81,0,-80,0,-79,0,-78,0,-77,0,-76,0,-75,0,-74,0,-73,0,-72,0,-71,0,-70,0,-69,0,-68,0,-67,0,-66,0,-65,0,-64,0,-63,0,-62,0,-61,0,-60,1,-59,0,-58,0,-57,0,-56,0,-55,0,-54,0,-53,0,-52,0,-51,0,-50,0,-49,0,-48,0,-47,0,-46,0,-45,0,-44,0,-43,0,-42,0,-41,0,-40,0,-39,0,-38,0,-37,0,-36,0,-35,0,-34,0,-33,0,-32,0,-31,0,-30,0
1,4.5,0,1,7,-90,0,-89,0,-88,0,-87,0,-86,0,-85,0,-84,0,-83,0,-82,0,-81,0,-80,0,-79,0,-78,0,-77,0,-76,0,-75,0,-74,0,-73,0,-72,0,-71,0,-70,0,-69,0,-68,0,-67,0,-66,0,-65,0,-64,0,-63,0,-62,0,-61,0,-60,0,-59,6.2216e-07,-58,1,-57,3.1221e-126,-56,0,-55,0,-54,0,-53,0,-52,0,-51,0,-50,0,-49,0,-48,0,-47,0,-46,0,-45,0,-44,0,-43,0,-42,0,-41,0,-40,0,-39,0,-38,0,-37,0,-36,0,-35,0,-34,0,-33,0,-32,0,-31,0,-30,0
1,4.5,0,1,8,-90,0,-89,0,-88,0,-87,0,-86,0,-85,0,-84,0,-83,0,-82,0,-81,0,-80,0,-79,0,-78,0,-77,0,-76,0,-75,0,-74,0,-73,0,-72,0,-71,0,-70,0,-69,0,-68,0,-67,0,-66,0,-65,0,-64,0,-63,0,-62,0,-61,0,-60,0,-59,2.1094e-15,-58,1,-57,9.2926e-26,-56,1.8722e-181,-55,0,-54,0,-53,0,-52,0,-51,0,-50,0,-49,0,-48,0,-47,0,-46,0,-45,0,-44,0,-43,0,-42,0,-41,0,-40,0,-39,0,-38,0,-37,0,-36,0,-35,0,-34,0,-33,0,-32,0,-31,0,-30,0
1,4.5,0,1,9,-90,0,-89,0,-88,0,-87,0,-86,0,-85,0,-84,0,-83,0,-82,0,-81,0,-80,0,-79,0,-78,0,-77,0,-76,0,-75,0,-74,0,-73,0,-72,0,-71,0,-70,0,-69,0,-68,0,-67,0,-66,0,-65,0,-64,0,-63,0,-62,0,-61,0,-60,0,-59,0,-58,0,-57,0,-56,0,-55,0,-54,0,-53,0,-52,0,-51,0,-50,0,-49,0.31424,-48,0.68576,-47,4.4434e-16,-46,6.0819e-62,-45,3.0605e-139,-44,4.7436e-248,-43,0,-42,0,-41,0,-40,0,-39,0,-38,0,-37,0,-36,0,-35,0,-34,0,-33,0,-32,0,-31,0,-30,0
1,4.5,0,1,10,-90,0,-89,0,-88,0,-87,0,-86,0,-85,0,-84,0,-83,0,-82,0,-81,0,-80,0,-79,0,-78,0,-77,0,-76,0,-75,0,-74,0,-73,0,-72,0,-71,0,-70,0,-69,0,-68,0,-67,0,-66,0,-65,0,-64,0,-63,0,-62,0,-61,0,-60,0,-59,0,-58,0,-57,1,-56,2.5225e-06,-55,6.3283e-192,-54,0,-53,0,-52,0,-51,0,-50,0,-49,0,-48,0,-47,0,-46,0,-45,0,-44,0,-43,0,-42,0,-41,0,-40,0,-39,0,-38,0,-37,0,-36,0,-35,0,-34,0,-33,0,-32,0,-31,0,-30,0
1,4.5,0,1,11,-90,0,-89,0,-88,0,-87,0,-86,0,-85,0,-84,0,-83,0,-82,0,-81,0,-80,0,-79,0,-78,0,-77,0,-76,0,-75,0,-74,0,-73,0,-72,1.4668e-12,-71,1,-70,2.5629e-10,-69,3.0987e-84,-68,1.6139e-233,-67,0,-66,0,-65,0,-64,0,-63,0,-62,0,-61,0,-60,0,-59,0,-58,0,-57,0,-56,0,-55,0,-54,0,-53,0,-52,0,-51,0,-50,0,-49,0,-48,0,-47,0,-46,0,-45,0,-44,0,-43,0,-42,0,-41,0,-40,0,-39,0,-38,0,-37,0,-36,0,-35,0,-34,0,-33,0,-32,0,-31,0,-30,0
1,5,0,1,1,-90,0,-89,0,-88,0,-87,0,-86,0,-85,0,-84,0,-83,0,-82,0,-81,0,-80,0,-79,0,-78,0,-77,0,-76,0,-75,0,-74,0,-73,0,-72,0,-71,0,-70,0,-69,0,-68,0,-67,0,-66,1,-65,0,-64,0,-63,0,-62,0,-61,0,-60,0,-59,0,-58,0,-57,0,-56,0,-55,0,-54,0,-53,0,-52,0,-51,0,-50,0,-49,0,-48,0,-47,0,-46,0,-45,0,-44,0,-43,0,-42,0,-41,0,-40,0,-39,0,-38,0,-37,0,-36,0,-35,0,-34,0,-33,0,-32,0,-31,0,-30,0
1,5,0,1,2,-90,0,-89,0,-88,0,-87,0,-86,0,-85,0,-84,0,-83,0,-82,0,-81,0,-80,0,-79,0,-78,0,-77,0,-76,0,-75,0,-74,0,-73,0,-72,0,-71,0,-70,0,-69,0,-68,0,-67,1,-66,0,-65,0,-64,0,-63,0,-62,0,-61,0,-60,0,-59,0,-58,0,-57,0,-56,0,-55,0,-54,0,-53,0,-52,0,-51,0,-50,0,-49,0,-48,0,-47,0,-46,0,-45,0,-44,0,-43,0,-42,0,-41,0,-40,0,-39,0,-38,0,-37,0,-36,0,-35,0,-34,0,-33,0,-32,0,-31,0,-30,0
1,5,0,1,3,-90,0,-89,0,-88,0,-87,0,-86,0,-85,0,-84,0,-83,0,-82,0,-81,0,-80,0,-79,0,-78,0,-77,0,-76,0,-75,0,-74,0,-73,0,-72,0,-71,0,-70,0,-69,0,-68,1,-67,0,-66,0,-65,0,-64,0,-63,0,-62,0,-61,0,-60,0,-59,0,-58,0,-57,0,-56,0,-55,0,-54,0,-53,0,-52,0,-51,0,-50,0,-49,0,-48,0,-47,0,-46,0,-45,0,-44,0,-43,0,-42,0,-41,0,-40,0,-39,0,-38,0,-37,0,-36,0,-35,0,-34,0,-33,0,-32,0,-31,0,-30,0
1,5,0,1,4,-90,0,-89,0,-88,0,-87,0,-86,0,-85,0,-84,0,-83,0,-82,0,-81,0,-80,0,-79,0,-78,0,-77,0,-76,0,-75,0,-74,0,-73,0,-72,0,-71,0,-70,0,-69,0,-68,0,-67,0,-66,0,-65,1,-64,3.7458e-185,-63,0,-62,0,-61,0,-60,0,-59,0,-58,0,-57,0,-56,0,-55,0,-54,0,-53,0,-52,0,-51,0,-50,0,-49,0,-48,0,-47,0,-46,0,-45,0,-44,0,-43,0,-42,0,-41,0,-40,0,-39,0,-38,0,-37,0,-36,0,-35,0,-34,0,-33,0,-32,0,-31,0,-30,0
1,5,0,1,5,-90,0,-89,0,-88,0,-87,0,-86,0,-85,0,-84,0,-83,0,-82,0,-81,0,-80,0,-79,0,-78,0,-77,0,-76,0,-75,0,-74,0,-73,0,-72,0,-71,0,-70,0,-69,0,-68,0,-67,0,-66,0,-65,0,-64,0,-63,0,-62,0,-61,0,-60,0,-59,0,-58,0,-57,0,-56,8.9861e-07,-55,0.49215,-54,0.50784,-53,1.0918e-06,-52,1.1445e-21,-51,2.364e-46,-50,8.2715e-81,-49,4.6602e-125,-48,4.1313e-179,-47,5.6911e-243,-46,1.2093e-316,-45,0,-44,0,-43,0,-42,0,-41,0,-40,0,-39,0,-38,0,-37,0,-36,0,-35,0,-34,0,-33,0,-32,0,-31,0,-30,0
1,5,0,1,6,-90,0,-89,0,-88,0,-87,0,-86,0,-85,0,-84,0,-83,0,-82,0,-81,0,-80,0,-79,0,-78,0,-77,0,-76,0,-75,0,-74,0,-73,0,-72,0,-71,0,-70,0,-69,0,-68,0,-67,0,-66,0,-65,0,-64,0,-63,0,-62,0,-61,0,-60,1,-59,2.5918e-06,-58,9.8882e-194,-57,0,-56,0,-55,0,-54,0,-53,0,-52,0,-51,0,-50,0,-49,0,-48,0,-47,0,-46,0,-45,0,-44,0,-43,0,-42,0,-41,0,-40,0,-39,0,-38,0,-37,0,-36,0,-35,0,-34,0,-33,0,-32,0,-31,0,-30,0
1,5,0,1,7,-90,0,-89,0,-88,0,-87,0,-86,0,-85,0,-84,0,-83,0,-82,0,-81,0,-80,0,-79,0,-78,0,-77,0,-76,0,-75,0,-74,0,-73,0,-72,0,-71,0,-70,0,-69,0,-68,0,-67,0,-66,0,-65,0,-64,0,-63,0,-62,0,-61,0,-60,0,-59,0,-58,1,-57,1.3323e-18,-56,0,-55,0,-54,0,-53,0,-52,0,-51,0,-50,0,-49,0,-48,0,-47,0,-46,0,-45,0,-44,0,-43,0,-42,0,-41,0,-40,0,-39,0,-38,0,-37,0,-36,0,-35,0,-34,0,-33,0,-32,0,-31,0,-30,0
1,5,0,1,8,-90,0,-89,0,-88,0,-87,0,-86,0,-85,0,-84,0,-83,0,-82,0,-81,0,-80,0,-79,0,-78,0,-77,0,-76,0,-75,0,-74,0,-73,0,-72,0,-71,0,-70,0,-69,0,-68,0,-67,0,-66,0,-65,0,-64,0,-63,0,-62,0,-61,0,-60,0,-59,1,-58,1.568e-09,-57,2.3432e-132,-56,0,-55,0,-54,0,-53,0,-52,0,-51,0,-50,0,-49,0,-48,0,-47,0,-46,0,-45,0,-44,0,-43,0,-42,0,-41,0,-40,0,-39,0,-38,0,-37,0,-36,0,-35,0,-34,0,-33,0,-32,0,-31,0,-30,0
1,5,0,1,9,-90,0,-89,0,-88,0,-87,0,-86,0,-85,0,-84,0,-83,0,-82,0,-81,0,-80,0,-79,0,-78,0,-77,0,-76,0,-75,0,-74,0,-73,0,-72,0,-71,0,-70,0,-69,0,-68,0,-67,0,-66,0,-65,0,-64,0,-63,0,-62,0,-61,0,-60,0,-59,0,-58,0,-57,0,-56,0,-55,0,-54,0,-53,0,-52,0,-51,0,-50,0,-49,0,-48,0.99606,-47,0.003941,-46,2.5343e-234,-45,0,-44,0,-43,0,-42,0,-41,0,-40,0,-39,0,-38,0,-37,0,-36,0,-35,0,-34,0,-33,0,-32,0,-31,0,-30,0
1,5,0,1,10,-90,0,-89,0,-88,0,-87,0,-86,0,-85,0,-84,0,-83,0,-82,0,-81,0,-80,0,-79,0,-78,0,-77,0,-76,0,-75,0,-74,0,-73,0,-72,0,-71,0,-70,0,-69,0,-68,0,-67,0,-66,0,-65,0,-64,0,-63,0,-62,0,-61,0,-60,0,-59,0,-58,0,-57,1,-56,2.6259e-200,-55,0,-54,0,-53,0,-52,0,-51,0,-50,0,-49,0,-48,0,-47,0,-46,0,-45,0,-44,0,-43,0,-42,0,-41,0,-40,0,-39,0,-38,0,-37,0,-36,0,-35,0,-34,0,-33,0,-32,0,-31,0,-30,0
1,5,0,1,11,-90,0,-89,0,-88,0,-87,0,-86,0,-85,0,-84,0,-83,0,-82,0,-81,0,-80,0,-79,0,-78,0,-77,0,-76,0,-75,0,-74,0,-73,0,-72,1,-71,6.1103e-11,-70,0,-69,0,-68,0,-67,0,-66,0,-65,0,-64,0,-63,0,-62,0,-61,0,-60,0,-59,0,-58,0,-57,0,-56,0,-55,0,-54,0,-53,0,-52,0,-51,0,-50,0,-49,0,-48,0,-47,0,-46,0,-45,0,-44,0,-43,0,-42,0,-41,0,-40,0,-39,0,-38,0,-37,0,-36,0,-35,0,-34,0,-33,0,-32,0,-31,0,-30,0
1,5.5,0,1,1,-90,0,-89,0,-88,0,-87,0,-86,0,-85,0,-84,0,-83,0,-82,0,-81,0,-80,0,-79,0,-78,0,-77,0,-76,0,-75,0,-74,0,-73,0,-72,0,-71,0,-70,0,-69,0,-68,1.4363e-06,-67,0.97901,-66,0.020991,-65,1.0945e-18,-64,3.2041e-54,-63,3.0659e-109,-62,8.6097e-184,-61,6.8194e-278,-60,0,-59,0,-58,0,-57,0,-56,0,-55,0,-54,0,-53,0,-52,0,-51,0,-50,0,-49,0,-48,0,-47,0,-46,0,-45,0,-44,0,-43,0,-42,0,-41,0,-40,0,-39,0,-38,0,-37,0,-36,0,-35,0,-34,0,-33,0,-32,0,-31,0,-30,0
1,5.5,0,1,2,-90,0,-89,0,-88,0,-87,0,-86,0,-85,0,-84,0,-83,0,-82,0,-81,0,-80,0,-79,0,-78,0,-77,0,-76,0,-75,0,-74,0,-73,0,-72,0,-71,0,-70,0,-69,0,-68,0.49054,-67,0.50946,-66,2.3995e-109,-65,0,-64,0,-63,0,-62,0,-61,0,-60,0,-59,0,-58,0,-57,0,-56,0,-55,0,-54,0,-53,0,-52,0,-51,0,-50,0,-49,0,-48,0,-47,0,-46,0,-45,0,-44,0,-43,0,-42,0,-41,0,-40,0,-39,0,-38,0,-37,0,-36,0,-35,0,-34,0,-33,0,-32,0,-31,0,-30,0
1,5.5,0,1,3,-90,0,-89,0,-88,0,-87,0,-86,0,-85,0,-84,0,-83,0,-82,0,-81,0,-80,0,-79,0,-78,0,-77,0,-76,0,-75,0,-74,0,-73,0,-72,0,-71,0,-70,0,-69,1.0841e-11,-68,1,-67,1.4657e-113,-66,0,-65,0,-64,0,-63,0,-62,0,-61,0,-60,0,-59,0,-58,0,-57,0,-56,0,-55,0,-54,0,-53,0,-52,0,-51,0,-50,0,-49,0,-48,0,-47,0,-46,0,-45,0,-44,0,-43,0,-42,0,-41,0,-40,0,-39,0,-38,0,-37,0,-36,0,-35,0,-34,0,-33,0,-32,0,-31,0,-30,0
1,5.5,0,1,4,-90,0,-89,0,-88,0,-87,0,-86,0,-85,0,-84,0,-83,0,-82,0,-81,0,-80,0,-79,0,-78,0,-77,0,-76,0,-75,0,-74,0,-73,0,-72,0,-71,0,-70,0,-69,0,-68,0,-67,0,-66,0,-65,0.99791,-64,0.0020858,-63,0,-62,0,-61,0,-60,0,-59,0,-58,0,-57,0,-56,0,-55,0,-54,0,-53,0,-52,0,-51,0,-50,0,-49,0,-48,0,-47,0,-46,0,-45,0,-44,0,-43,0,-42,0,-41,0,-40,0,-39,0,-38,0,-37,0,-36,0,-35,0,-34,0,-33,0,-32,0,-31,0,-30,0
1,5.5,0,1,5,-90,0,-89,0,-88,0,-87,0,-86,0,-85,0,-84,0,-83,0,-82,0,-81,0,-80,0,-79,0,-78,0,-77,0,-76,0,-75,0,-74,0,-73,0,-72,0,-71,0,-70,0,-69,0,-68,0,-67,0,-66,0,-65,0,-64,0,-63,0,-62,0,-61,0,-60,0,-59,0,-58,0,-57,0,-56,0,-55,0,-54,1,-53,9.017e-15,-52,2.0244e-133,-51,0,-50,0,-49,0,-48,0,-47,0,-46,0,-45,0,-44,0,-43,0,-42,0,-41,0,-40,0,-39,0,-38,0,-37,0,-36,0,-35,0,-34,0,-33,0,-32,0,-31,0,-30,0
1,5.5,0,1,6,-90,0,-89,0,-88,0,-87,0,-86,0,-85,0,-84,0,-83,0,-82,0,-81,0,-80,0,-79,0,-78,0,-77,0,-76,0,-75,0,-74,0,-73,0,-72,0,-71,0,-70,0,-69,0,-68,0,-67,0,-66,0,-65,0,-64,0,-63,0,-62,0,-61,0,-60,1.1239e-06,-59,0.96495,-58,0.035047,-57,3.3452e-17,-56,1.8177e-50,-55,3.1847e-102,-54,1.6103e-172,-53,2.2563e-261,-52,0,-51,0,-50,0,-49,0,-48,0,-47,0,-46,0,-45,0,-44,0,-43,0,-42,0,-41,0,-40,0,-39,0,-38,0,-37,0,-36,0,-35,0,-34,0,-33,0,-32,0,-31,0,-30,0
1,5.5,0,1,7,-90,0,-89,0,-88,0,-87,0,-86,0,-85,0,-84,0,-83,0,-82,0,-81,0,-80,0,-79,0,-78,0,-77,0,-76,0,-75,0,-74,0,-73,0,-72,0,-71,0,-70,0,-69,0,-68,0,-67,0,-66,0,-65,0,-64,0,-63,0,-62,0,-61,0,-60,0,-59,0,-58,0,-57,1,-56,0,-55,0,-54,0,-53,0,-52,0,-51,0,-50,0,-49,0,-48,0,-47,0,-46,0,-45,0,-44,0,-43,0,-42,0,-41,0,-40,0,-39,0,-38,0,-37,0,-36,0,-35,0,-34,0,-33,0,-32,0,-31,0,-30,0
1,5.5,0,1,8,-90,0,-89,0,-88,0,-87,0,-86,0,-85,0,-84,0,-83,0,-82,0,-81,0,-80,0,-79,0,-78,0,-77,0,-76,0,-75,0,-74,0,-73,0,-72,0,-71,0,-70,0,-69,0,-68,0,-67,0,-66,0,-65,0,-64,0,-63,0,-62,0,-61,0,-60,0,-59,1,-58,0,-57,0,-56,0,-55,0,-54,0,-53,0,-52,0,-51,0,-50,0,-49,0,-48,0,-47,0,-46,0,-45,0,-44,0,-43,0,-42,0,-41,0,-40,0,-39,0,-38,0,-37,0,-36,0,-35,0,-34,0,-33,0,-32,0,-31,0,-30,0
1,5.5,0,1,9,-90,0,-89,0,-88,0,-87,0,-86,0,-85,0,-84,0,-83,0,-82,0,-81,0,-80,0,-79,0,-78,0,-77,0,-76,0,-75,0,-74,0,-73,0,-72,0,-71,0,-70,0,-69,0,-68,0,-67,0,-66,0,-65,0,-64,0,-63,0,-62,0,-61,0,-60,0,-59,0,-58,0,-57,0,-56,0,-55,0,-54,0,-53,0,-52,0,-51,0,-50,0,-49,0,-48,0.95936,-47,0.040639,-46,7.4425e-83,-45,5.5648e-296,-44,0,-43,0,-42,0,-41,0,-40,0,-39,0,-38,0,-37,0,-36,0,-35,0,-34,0,-33,0,-32,0,-31,0,-30,0
1,5.5,0,1,10,-90,0,-89,0,-88,0,-87,0,-86,0,-85,0,-84,0,-83,0,-82,0,-81,0,-80,0,-79,0,-78,0,-77,0,-76,0,-75,0,-74,0,-73,0,-72,0,-71,0,-70,0,-69,0,-68,0,-67,0,-66,0,-65,0,-64,0,-63,0,-62,0,-61,0,-60,0,-59,0,-58,1,-57,1.0134e-22,-56,0,-55,0,-54,0,-53,0,-52,0,-51,0,-50,0,-49,0,-48,0,-47,0,-46,0,-45,0,-44,0,-43,0,-42,0,-41,0,-40,0,-39,0,-38,0,-37,0,-36,0,-35,0,-34,0,-33,0,-32,0,-31,0,-30,0
1,5.5,0,1,11,-90,0,-89,0,-88,0,-87,0,-86,0,-85,0,-84,0,-83,0,-82,0,-81,0,-80,0,-79,0,-78,0,-77,0,-76,0,-75,0,-74,0,-73,0,-72,0.0069011,-71,0.9931,-70,1.608e-85,-69,0,-68,0,-67,0,-66,0,-65,0,-64,0,-63,0,-62,0,-61,0,-60,0,-59,0,-58,0,-57,0,-56,0,-55,0,-54,0,-53,0,-52,0,-51,0,-50,0,-49,0,-48,0,-47,0,-46,0,-45,0,-44,0,-43,0,-42,0,-41,0,-40,0,-39,0,-38,0,-37,0,-36,0,-35,0,-34,0,-33,0,-32,0,-31,0,-30,0
1,6,0,1,1,-90,0,-89,0,-88,0,-87,0,-86,0,-85,0,-84,0,-83,0,-82,0,-81,0,-80,0,-79,0,-78,0,-77,0,-76,0,-75,0,-74,0,-73,0,-72,0,-71,4.395e-10,-70,0.00050941,-69,0.32924,-68,0.66214,-67,0.0081063,-66,7.6558e-08,-65,2.8998e-16,-64,3.7869e-28,-63,1.6169e-43,-62,2.2028e-62,-61,9.4509e-85,-60,1.267e-110,-59,5.2811e-140,-58,6.8201e-173,-57,2.7222e-209,-56,3.3521e-249,-55,1.2717e-292,-54,0,-53,0,-52,0,-51,0,-50,0,-49,0,-48,0,-47,0,-46,0,-45,0,-44,0,-43,0,-42,0,-41,0,-40,0,-39,0,-38,0,-37,0,-36,0,-35,0,-34,0,-33,0,-32,0,-31,0,-30,0
1,6,0,1,2,-90,0,-89,0,-88,0,-87,0,-86,0,-85,0,-84,0,-83,0,-82,0,-81,0,-80,0,-79,0,-78,0,-77,0,-76,0,-75,0,-74,0,-73,0,-72,0,-71,0,-70,2.2649e-14,-69,0.30031,-68,0.69969,-67,4.0788e-11,-66,6.0534e-42,-65,4.7266e-94,-64,1.6249e-167,-63,2.3261e-262,-62,0,-61,0,-60,0,-59,0,-58,0,-57,0,-56,0,-55,0,-54,0,-53,0,-52,0,-51,0,-50,0,-49,0,-48,0,-47,0,-46,0,-45,0,-44,0,-43,0,-42,0,-41,0,-40,0,-39,0,-38,0,-37,0,-36,0,-35,0,-34,0,-33,0,-32,0,-31,0,-30,0
1,6,0,1,3,-90,0,-89,0,-88,0,-87,0,-86,0,-85,0,-84,0,-83,0,-82,0,-81,0,-80,0,-79,0,-78,0,-77,0,-76,0,-75,0,-74,0,-73,0,-72,0,-71,0,-70,0,-69,1,-68,8.7029e-15,-67,3.6437e-140,-66,0,-65,0,-64,0,-63,0,-62,0,-61,0,-60,0,-59,0,-58,0,-57,0,-56,0,-55,0,-54,0,-53,0,-52,0,-51,0,-50,0,-49,0,-48,0,-47,0,-46,0,-45,0,-44,0,-43,0,-42,0,-41,0,-40,0,-39,0,-38,0,-37,0,-36,0,-35,0,-34,0,-33,0,-32,0,-31,0,-30,0
1,6,0,1,4,-90,0,-89,0,-88,0,-87,0,-86,0,-85,0,-84,0,-83,0,-82,0,-81,0,-80,0,-79,0,-78,0,-77,0,-76,0,-75,0,-74,0,-73,0,-72,0,-71,0,-70,0,-69,0,-68,0,-67,0,-66,0,-65,0,-64,1,-63,0,-62,0,-61,0,-60,0,-59,0,-58,0,-57,0,-56,0,-55,0,-54,0,-53,0,-52,0,-51,0,-50,0,-49,0,-48,0,-47,0,-46,0,-45,0,-44,0,-43,0,-42,0,-41,0,-40,0,-39,0,-38,0,-37,0,-36,0,-35,0,-34,0,-33,0,-32,0,-31,0,-30,0
1,6,0,1,5,-90,0,-89,0,-88,0,-87,0,-86,0,-85,0,-84,0,-83,0,-82,0,-81,0,-80,0,-79,0,-78,0,-77,0,-76,0,-75,0,-74,0,-73,0,-72,0,-71,0,-70,0,-69,0,-68,0,-67,0,-66,0,-65,0,-64,0,-63,5.5511e-16,-62,4.3399e-12,-61,8.6419e-09,-60,4.3373e-06,-59,0.00055731,-58,0.018761,-57,0.17059,-56,0.43238,-55,0.31106,-54,0.063087,-53,0.0035104,-52,5.1887e-05,-51,1.9831e-07,-50,1.9231e-10,-49,4.6727e-14,-48,2.8216e-18,-47,4.2111e-23,-46,1.5474e-28,-45,1.3963e-34,-44,3.0873e-41,-43,1.6704e-48,-42,2.2087e-56,-41,7.1313e-65,-40,5.6179e-74,-39,1.0792e-83,-38,5.0528e-94,-37,5.7635e-105,-36,1.6011e-116,-35,1.0829e-128,-34,1.7827e-141,-33,7.1416e-155,-32,6.9612e-169,-31,1.6506e-183,-30,9.5197e-199
1,6,0,1,6,-90,0,-89,0,-88,0,-87,0,-86,0,-85,0,-84,0,-83,0,-82,0,-81,0,-80,0,-79,0,-78,0,-77,0,-76,0,-75,0,-74,0,-73,0,-72,0,-71,0,-70,0,-69,0,-68,0,-67,0,-66,0,-65,0,-64,0,-63,0,-62,0,-61,0,-60,0,-59,1.0794e-10,-58,0.62101,-57,0.37899,-56,1.632e-12,-55,1.4497e-42,-54,9.4001e-92,-53,3.8321e-160,-52,9.3459e-248,-51,0,-50,0,-49,0,-48,0,-47,0,-46,0,-45,0,-44,0,-43,0,-42,0,-41,0,-40,0,-39,0,-38,0,-37,0,-36,0,-35,0,-34,0,-33,0,-32,0,-31,0,-30,0
1,6,0,1,7,-90,0,-89,0,-88,0,-87,0,-86,0,-85,0,-84,0,-83,0,-82,0,-81,0,-80,0,-79,0,-78,0,-77,0,-76,0,-75,0,-74,0,-73,0,-72,0,-71,0,-70,0,-69,0,-68,0,-67,0,-66,0,-65,0,-64,0,-63,0,-62,0,-61,0,-60,0,-59,0,-58,1,-57,1.9741e-06,-56,1.5347e-303,-55,0,-54,0,-53,0,-52,0,-51,0,-50,0,-49,0,-48,0,-47,0,-46,0,-45,0,-44,0,-43,0,-42,0,-41,0,-40,0,-39,0,-38,0,-37,0,-36,0,-35,0,-34,0,-33,0,-32,0,-31,0,-30,0
1,6,0,1,8,-90,0,-89,0,-88,0,-87,0,-86,0,-85,0,-84,0,-83,0,-82,0,-81,0,-80,0,-79,0,-78,0,-77,0,-76,0,-75,0,-74,0,-73,0,-72,0,-71,0,-70,0,-69,0,-68,0,-67,0,-66,0,-65,0,-64,0,-63,0,-62,0,-61,0,-60,0,-59,1,-58,0,-57,0,-56,0,-55,0,-54,0,-53,0,-52,0,-51,0,-50,0,-49,0,-48,0,-47,0,-46,0,-45,0,-44,0,-43,0,-42,0,-41,0,-40,0,-39,0,-38,0,-37,0,-36,0,-35,0,-34,0,-33,0,-32,0,-31,0,-30,0
1,6,0,1,9,-90,0,-89,0,-88,0,-87,0,-86,0,-85,0,-84,0,-83,0,-82,0,-81,0,-80,0,-79,0,-78,0,-77,0,-76,0,-75,0,-74,0,-73,0,-72,0,-71,0,-70,0,-69,0,-68,0,-67,0,-66,0,-65,0,-64,0,-63,0,-62,0,-61,0,-60,0,-59,0,-58,0,-57,0,-56,0,-55,0,-54,0,-53,0,-52,0,-51,5.1417e-09,-50,0.011142,-49,0.86482,-48,0.12404,-47,2.1582e-06,-46,4.6391e-16,-45,8.6518e-31,-44,1.2763e-50,-43,1.4358e-75,-42,1.2097e-105,-41,7.5562e-141,-40,3.4771e-181,-39,1.1738e-226,-38,2.8983e-277,-37,0,-36,0,-35,0,-34,0,-33,0,-32,0,-31,0,-30,0
1,6,0,1,10,-90,0,-89,0,-88,0,-87,0,-86,0,-85,0,-84,0,-83,0,-82,0,-81,0,-80,0,-79,0,-78,0,-77,0,-76,0,-75,0,-74,0,-73,0,-72,0,-71,0,-70,0,-69,0,-68,0,-67,0,-66,0,-65,0,-64,0,-63,0,-62,0,-61,0,-60,0,-59,0,-58,1,-57,4.4824e-311,-56,0,-55,0,-54,0,-53,0,-52,0,-51,0,-50,0,-49,0,-48,0,-47,0,-46,0,-45,0,-44,0,-43,0,-42,0,-41,0,-40,0,-39,0,-38,0,-37,0,-36,0,-35,0,-34,0,-33,0,-32,0,-31,0,-30,0
1,6,0,1,11,-90,0,-89,0,-88,0,-87,0,-86,0,-85,0,-84,0,-83,0,-82,0,-81,0,-80,0,-79,0,-78,0,-77,0,-76,0,-75,0,-74,0,-73,0,-72,0,-71,0.59525,-70,0.40475,-69,3.5224e-23,-68,1.3631e-84,-67,5.819e-186,-66,0,-65,0,-64,0,-63,0,-62,0,-61,0,-60,0,-59,0,-58,0,-57,0,-56,0,-55,0,-54,0,-53,0,-52,0,-51,0,-50,0,-49,0,-48,0,-47,0,-46,0,-45,0,-44,0,-43,0,-42,0,-41,0,-40,0,-39,0,-38,0,-37,0,-36,0,-35,0,-34,0,-33,0,-32,0,-31,0,-30,0
