1,0,0,0,1,-90,0,-89,0,-88,0,-87,0,-86,0,-85,0,-84,0,-83,0,-82,0,-81,0,-80,0,-79,0,-78,0,-77,0,-76,0,-75,0,-74,0,-73,0,-72,0,-71,0,-70,0,-69,0,-68,0,-67,0,-66,0,-65,0,-64,0,-63,0,-62,0,-61,0,-60,0,-59,6.6613e-16,-58,1,-57,3.3994e-08,-56,4.3763e-79,-55,1.302e-227,-54,0,-53,0,-52,0,-51,0,-50,0,-49,0,-48,0,-47,0,-46,0,-45,0,-44,0,-43,0,-42,0,-41,0,-40,0,-39,0,-38,0,-37,0,-36,0,-35,0,-34,0,-33,0,-32,0,-31,0,-30,0
1,0,0,0,2,-90,0,-89,0,-88,0,-87,0,-86,0,-85,0,-84,0,-83,0,-82,0,-81,0,-80,0,-79,0,-78,0,-77,0,-76,0,-75,0,-74,0,-73,0,-72,0,-71,0,-70,0,-69,0,-68,0,-67,0,-66,0,-65,0,-64,1,-63,0,-62,0,-61,0,-60,0,-59,0,-58,0,-57,0,-56,0,-55,0,-54,0,-53,0,-52,0,-51,0,-50,0,-49,0,-48,0,-47,0,-46,0,-45,0,-44,0,-43,0,-42,0,-41,0,-40,0,-39,0,-38,0,-37,0,-36,0,-35,0,-34,0,-33,0,-32,0,-31,0,-30,0
1,0,0,0,3,-90,0,-89,0,-88,0,-87,0,-86,0,-85,0,-84,0,-83,0,-82,0,-81,0,-80,0,-79,0,-78,0,-77,0,-76,0,-75,0,-74,0,-73,0,-72,0,-71,0,-70,0,-69,0,-68,0.077509,-67,0.92249,-66,3.1113e-35,-65,2.8724e-150,-64,0,-63,0,-62,0,-61,0,-60,0,-59,0,-58,0,-57,0,-56,0,-55,0,-54,0,-53,0,-52,0,-51,0,-50,0,-49,0,-48,0,-47,0,-46,0,-45,0,-44,0,-43,0,-42,0,-41,0,-40,0,-39,0,-38,0,-37,0,-36,0,-35,0,-34,0,-33,0,-32,0,-31,0,-30,0
1,0,0,0,4,-90,0,-89,0,-88,0,-87,0,-86,0,-85,0,-84,0,-83,0,-82,0,-81,0,-80,0,-79,0,-78,0,-77,0,-76,0,-75,0,-74,0,-73,0,-72,0,-71,0,-70,0,-69,0,-68,0,-67,5.4021e-07,-66,1,-65,9.6771e-34,-64,6.4612e-185,-63,0,-62,0,-61,0,-60,0,-59,0,-58,0,-57,0,-56,0,-55,0,-54,0,-53,0,-52,0,-51,0,-50,0,-49,0,-48,0,-47,0,-46,0,-45,0,-44,0,-43,0,-42,0,-41,0,-40,0,-39,0,-38,0,-37,0,-36,0,-35,0,-34,0,-33,0,-32,0,-31,0,-30,0
1,0,0,0,5,-90,0,-89,0,-88,0,-87,0,-86,0,-85,0,-84,0,-83,0,-82,0,-81,0,-80,0,-79,0,-78,0,-77,0,-76,0,-75,0,-74,0,-73,0,-72,0,-71,0,-70,0,-69,0,-68,0,-67,0,-66,1,-65,3.3344e-306,-64,0,-63,0,-62,0,-61,0,-60,0,-59,0,-58,0,-57,0,-56,0,-55,0,-54,0,-53,0,-52,0,-51,0,-50,0,-49,0,-48,0,-47,0,-46,0,-45,0,-44,0,-43,0,-42,0,-41,0,-40,0,-39,0,-38,0,-37,0,-36,0,-35,0,-34,0,-33,0,-32,0,-31,0,-30,0
1,0,0,0,6,-90,0,-89,0,-88,0,-87,0,-86,0,-85,0,-84,0,-83,0,-82,0,-81,0,-80,0,-79,0,-78,0,-77,0,-76,0,-75,0,-74,0,-73,0,-72,0,-71,0,-70,0,-69,1,-68,0,-67,0,-66,0,-65,0,-64,0,-63,0,-62,0,-61,0,-60,0,-59,0,-58,0,-57,0,-56,0,-55,0,-54,0,-53,0,-52,0,-51,0,-50,0,-49,0,-48,0,-47,0,-46,0,-45,0,-44,0,-43,0,-42,0,-41,0,-40,0,-39,0,-38,0,-37,0,-36,0,-35,0,-34,0,-33,0,-32,0,-31,0,-30,0
1,0,0,0,7,-90,0,-89,0,-88,0,-87,0,-86,0,-85,0,-84,0,-83,0,-82,0,-81,0,-80,0,-79,0,-78,0,-77,0,-76,0,-75,0,-74,0,-73,0,-72,0,-71,0,-70,0,-69,0,-68,0,-67,0,-66,0,-65,0,-64,1.8241e-13,-63,0.70389,-62,0.29611,-61,3.7368e-17,-60,6.3644e-59,-59,5.0095e-127,-58,1.5729e-221,-57,0,-56,0,-55,0,-54,0,-53,0,-52,0,-51,0,-50,0,-49,0,-48,0,-47,0,-46,0,-45,0,-44,0,-43,0,-42,0,-41,0,-40,0,-39,0,-38,0,-37,0,-36,0,-35,0,-34,0,-33,0,-32,0,-31,0,-30,0
1,0,0,0,8,-90,0,-89,0,-88,0,-87,0,-86,0,-85,0,-84,0,-83,0,-82,0,-81,0,-80,0,-79,0,-78,0,-77,0,-76,0,-75,0,-74,0,-73,0,-72,0,-71,0,-70,0,-69,0,-68,0,-67,0,-66,0,-65,0,-64,0,-63,0,-62,0,-61,0,-60,0,-59,1,-58,0,-57,0,-56,0,-55,0,-54,0,-53,0,-52,0,-51,0,-50,0,-49,0,-48,0,-47,0,-46,0,-45,0,-44,0,-43,0,-42,0,-41,0,-40,0,-39,0,-38,0,-37,0,-36,0,-35,0,-34,0,-33,0,-32,0,-31,0,-30,0
1,0,0,0,9,-90,0,-89,0,-88,0,-87,0,-86,0,-85,0,-84,0,-83,0,-82,0,-81,0,-80,0,-79,0,-78,0,-77,0,-76,0,-75,0,-74,0,-73,0,-72,0,-71,0,-70,0,-69,0,-68,0,-67,0,-66,0,-65,0,-64,0,-63,0,-62,0,-61,0,-60,0,-59,0,-58,0,-57,0,-56,0,-55,0,-54,0,-53,1,-52,2.906e-180,-51,0,-50,0,-49,0,-48,0,-47,0,-46,0,-45,0,-44,0,-43,0,-42,0,-41,0,-40,0,-39,0,-38,0,-37,0,-36,0,-35,0,-34,0,-33,0,-32,0,-31,0,-30,0
1,0,0,0,10,-90,0,-89,0,-88,0,-87,0,-86,0,-85,0,-84,0,-83,0,-82,0,-81,0,-80,0,-79,0,-78,0,-77,0,-76,0,-75,0,-74,0,-73,0,-72,0,-71,0,-70,0,-69,0,-68,0,-67,0,-66,0,-65,0,-64,0,-63,0,-62,0,-61,0,-60,0,-59,0,-58,0,-57,0,-56,0,-55,0,-54,0,-53,0,-52,0.73203,-51,0.26797,-50,2.308e-59,-49,4.1889e-222,-48,0,-47,0,-46,0,-45,0,-44,0,-43,0,-42,0,-41,0,-40,0,-39,0,-38,0,-37,0,-36,0,-35,0,-34,0,-33,0,-32,0,-31,0,-30,0
1,0,0,0,11,-90,0,-89,0,-88,0,-87,0,-86,0,-85,0,-84,0,-83,0,-82,0,-81,0,-80,0,-79,0,-78,0,-77,0,-76,0,-75,0,-74,0,-73,0,-72,0,-71,0,-70,0,-69,0,-68,0,-67,0,-66,0,-65,1.1819e-11,-64,0.95221,-63,0.047787,-62,6.5499e-24,-61,1.2933e-75,-60,1.7292e-157,-59,1.3823e-269,-58,0,-57,0,-56,0,-55,0,-54,0,-53,0,-52,0,-51,0,-50,0,-49,0,-48,0,-47,0,-46,0,-45,0,-44,0,-43,0,-42,0,-41,0,-40,0,-39,0,-38,0,-37,0,-36,0,-35,0,-34,0,-33,0,-32,0,-31,0,-30,0
1,0.5,0,0,1,-90,0,-89,0,-88,0,-87,0,-86,0,-85,0,-84,0,-83,0,-82,0,-81,0,-80,0,-79,0,-78,0,-77,0,-76,0,-75,0,-74,0,-73,0,-72,0,-71,0,-70,0,-69,0,-68,0,-67,0,-66,0,-65,0,-64,0,-63,0,-62,0,-61,0,-60,0,-59,0,-58,0,-57,1,-56,0,-55,0,-54,0,-53,0,-52,0,-51,0,-50,0,-49,0,-48,0,-47,0,-46,0,-45,0,-44,0,-43,0,-42,0,-41,0,-40,0,-39,0,-38,0,-37,0,-36,0,-35,0,-34,0,-33,0,-32,0,-31,0,-30,0
1,0.5,0,0,2,-90,0,-89,0,-88,0,-87,0,-86,0,-85,0,-84,0,-83,0,-82,0,-81,0,-80,0,-79,0,-78,0,-77,0,-76,0,-75,0,-74,0,-73,0,-72,0,-71,0,-70,0,-69,0,-68,0,-67,0,-66,0,-65,0,-64,1,-63,1.7528e-42,-62,0,-61,0,-60,0,-59,0,-58,0,-57,0,-56,0,-55,0,-54,0,-53,0,-52,0,-51,0,-50,0,-49,0,-48,0,-47,0,-46,0,-45,0,-44,0,-43,0,-42,0,-41,0,-40,0,-39,0,-38,0,-37,0,-36,0,-35,0,-34,0,-33,0,-32,0,-31,0,-30,0
1,0.5,0,0,3,-90,0,-89,0,-88,0,-87,0,-86,0,-85,0,-84,0,-83,0,-82,0,-81,0,-80,0,-79,0,-78,0,-77,0,-76,0,-75,0,-74,0,-73,0,-72,0,-71,0,-70,7.1099e-13,-69,0.56709,-68,0.43291,-67,5.8637e-14,-66,4.967e-49,-65,8.0944e-107,-64,2.1721e-187,-63,9.1214e-291,-62,0,-61,0,-60,0,-59,0,-58,0,-57,0,-56,0,-55,0,-54,0,-53,0,-52,0,-51,0,-50,0,-49,0,-48,0,-47,0,-46,0,-45,0,-44,0,-43,0,-42,0,-41,0,-40,0,-39,0,-38,0,-37,0,-36,0,-35,0,-34,0,-33,0,-32,0,-31,0,-30,0
1,0.5,0,0,4,-90,0,-89,0,-88,0,-87,0,-86,0,-85,0,-84,0,-83,0,-82,0,-81,0,-80,0,-79,0,-78,0,-77,0,-76,0,-75,0,-74,0,-73,0,-72,0,-71,0,-70,0,-69,0,-68,0,-67,0,-66,0.49807,-65,0.50193,-64,0,-63,0,-62,0,-61,0,-60,0,-59,0,-58,0,-57,0,-56,0,-55,0,-54,0,-53,0,-52,0,-51,0,-50,0,-49,0,-48,0,-47,0,-46,0,-45,0,-44,0,-43,0,-42,0,-41,0,-40,0,-39,0,-38,0,-37,0,-36,0,-35,0,-34,0,-33,0,-32,0,-31,0,-30,0
1,0.5,0,0,5,-90,0,-89,0,-88,0,-87,0,-86,0,-85,0,-84,0,-83,0,-82,0,-81,0,-80,0,-79,0,-78,0,-77,0,-76,0,-75,0,-74,0,-73,0,-72,0,-71,0,-70,0,-69,0,-68,0,-67,0,-66,1,-65,6.9543e-53,-64,0,-63,0,-62,0,-61,0,-60,0,-59,0,-58,0,-57,0,-56,0,-55,0,-54,0,-53,0,-52,0,-51,0,-50,0,-49,0,-48,0,-47,0,-46,0,-45,0,-44,0,-43,0,-42,0,-41,0,-40,0,-39,0,-38,0,-37,0,-36,0,-35,0,-34,0,-33,0,-32,0,-31,0,-30,0
1,0.5,0,0,6,-90,0,-89,0,-88,0,-87,0,-86,0,-85,0,-84,0,-83,0,-82,0,-81,0,-80,0,-79,0,-78,0,-77,0,-76,0,-75,0,-74,0,-73,0,-72,0,-71,0,-70,1.3101e-14,-69,0.0076352,-68,0.98951,-67,0.0028564,-66,9.061e-16,-65,9.2971e-40,-64,2.2553e-75,-63,1.193e-122,-62,1.332e-181,-61,3.0881e-252,-60,0,-59,0,-58,0,-57,0,-56,0,-55,0,-54,0,-53,0,-52,0,-51,0,-50,0,-49,0,-48,0,-47,0,-46,0,-45,0,-44,0,-43,0,-42,0,-41,0,-40,0,-39,0,-38,0,-37,0,-36,0,-35,0,-34,0,-33,0,-32,0,-31,0,-30,0
1,0.5,0,0,7,-90,0,-89,0,-88,0,-87,0,-86,0,-85,0,-84,0,-83,0,-82,0,-81,0,-80,0,-79,0,-78,0,-77,0,-76,0,-75,0,-74,0,-73,0,-72,0,-71,0,-70,0,-69,0,-68,0,-67,0,-66,0,-65,0,-64,0,-63,8.8596e-13,-62,0.039979,-61,0.95983,-60,0.00019298,-59,4.3787e-19,-58,9.2904e-46,-57,1.435e-84,-56,1.5041e-135,-55,1.0389e-198,-54,4.6583e-274,-53,0,-52,0,-51,0,-50,0,-49,0,-48,0,-47,0,-46,0,-45,0,-44,0,-43,0,-42,0,-41,0,-40,0,-39,0,-38,0,-37,0,-36,0,-35,0,-34,0,-33,0,-32,0,-31,0,-30,0
1,0.5,0,0,8,-90,0,-89,0,-88,0,-87,0,-86,0,-85,0,-84,0,-83,0,-82,0,-81,0,-80,0,-79,0,-78,0,-77,0,-76,0,-75,0,-74,0,-73,0,-72,0,-71,0,-70,0,-69,0,-68,0,-67,0,-66,0,-65,0,-64,0,-63,0,-62,0,-61,0,-60,0,-59,1,-58,0,-57,0,-56,0,-55,0,-54,0,-53,0,-52,0,-51,0,-50,0,-49,0,-48,0,-47,0,-46,0,-45,0,-44,0,-43,0,-42,0,-41,0,-40,0,-39,0,-38,0,-37,0,-36,0,-35,0,-34,0,-33,0,-32,0,-31,0,-30,0
1,0.5,0,0,9,-90,0,-89,0,-88,0,-87,0,-86,0,-85,0,-84,0,-83,0,-82,0,-81,0,-80,0,-79,0,-78,0,-77,0,-76,0,-75,0,-74,0,-73,0,-72,0,-71,0,-70,0,-69,0,-68,0,-67,0,-66,0,-65,0,-64,0,-63,0,-62,0,-61,0,-60,0,-59,0,-58,0,-57,0,-56,0,-55,0,-54,0,-53,1,-52,4.2764e-162,-51,0,-50,0,-49,0,-48,0,-47,0,-46,0,-45,0,-44,0,-43,0,-42,0,-41,0,-40,0,-39,0,-38,0,-37,0,-36,0,-35,0,-34,0,-33,0,-32,0,-31,0,-30,0
1,0.5,0,0,10,-90,0,-89,0,-88,0,-87,0,-86,0,-85,0,-84,0,-83,0,-82,0,-81,0,-80,0,-79,0,-78,0,-77,0,-76,0,-75,0,-74,0,-73,0,-72,0,-71,0,-70,0,-69,0,-68,0,-67,0,-66,0,-65,0,-64,0,-63,0,-62,0,-61,0,-60,0,-59,0,-58,0,-57,0,-56,0,-55,0,-54,0,-53,0.0015781,-52,0.99842,-51,2.8775e-79,-50,0,-49,0,-48,0,-47,0,-46,0,-45,0,-44,0,-43,0,-42,0,-41,0,-40,0,-39,0,-38,0,-37,0,-36,0,-35,0,-34,0,-33,0,-32,0,-31,0,-30,0
1,0.5,0,0,11,-90,0,-89,0,-88,0,-87,0,-86,0,-85,0,-84,0,-83,0,-82,0,-81,0,-80,0,-79,0,-78,0,-77,0,-76,0,-75,0,-74,0,-73,0,-72,0,-71,0,-70,0,-69,0,-68,0,-67,0,-66,0,-65,0.99999,-64,1.1355e-05,-63,1.1535e-138,-62,0,-61,0,-60,0,-59,0,-58,0,-57,0,-56,0,-55,0,-54,0,-53,0,-52,0,-51,0,-50,0,-49,0,-48,0,-47,0,-46,0,-45,0,-44,0,-43,0,-42,0,-41,0,-40,0,-39,0,-38,0,-37,0,-36,0,-35,0,-34,0,-33,0,-32,0,-31,0,-30,0
1,1,0,0,1,-90,0,-89,0,-88,0,-87,0,-86,0,-85,0,-84,0,-83,0,-82,0,-81,0,-80,0,-79,0,-78,0,-77,0,-76,0,-75,0,-74,0,-73,0,-72,0,-71,0,-70,0,-69,0,-68,0,-67,0,-66,0,-65,0,-64,0,-63,0,-62,0,-61,0,-60,0,-59,4.0842e-06,-58,0.99994,-57,5.1683e-05,-56,1.1314e-34,-55,2.5961e-94,-54,4.1728e-184,-53,4.292e-304,-52,0,-51,0,-50,0,-49,0,-48,0,-47,0,-46,0,-45,0,-44,0,-43,0,-42,0,-41,0,-40,0,-39,0,-38,0,-37,0,-36,0,-35,0,-34,0,-33,0,-32,0,-31,0,-30,0
1,1,0,0,2,-90,0,-89,0,-88,0,-87,0,-86,0,-85,0,-84,0,-83,0,-82,0,-81,0,-80,0,-79,0,-78,0,-77,0,-76,0,-75,0,-74,0,-73,0,-72,0,-71,0,-70,0,-69,0,-68,0,-67,0,-66,1.983e-06,-65,0.99998,-64,1.9928e-05,-63,5.584e-38,-62,2.5768e-103,-61,1.3106e-201,-60,0,-59,0,-58,0,-57,0,-56,0,-55,0,-54,0,-53,0,-52,0,-51,0,-50,0,-49,0,-48,0,-47,0,-46,0,-45,0,-44,0,-43,0,-42,0,-41,0,-40,0,-39,0,-38,0,-37,0,-36,0,-35,0,-34,0,-33,0,-32,0,-31,0,-30,0
1,1,0,0,3,-90,0,-89,0,-88,0,-87,0,-86,0,-85,0,-84,0,-83,0,-82,0,-81,0,-80,0,-79,0,-78,0,-77,0,-76,0,-75,0,-74,0,-73,0,-72,0,-71,0,-70,0.45265,-69,0.54735,-68,7.0377e-124,-67,0,-66,0,-65,0,-64,0,-63,0,-62,0,-61,0,-60,0,-59,0,-58,0,-57,0,-56,0,-55,0,-54,0,-53,0,-52,0,-51,0,-50,0,-49,0,-48,0,-47,0,-46,0,-45,0,-44,0,-43,0,-42,0,-41,0,-40,0,-39,0,-38,0,-37,0,-36,0,-35,0,-34,0,-33,0,-32,0,-31,0,-30,0
1,1,0,0,4,-90,0,-89,0,-88,0,-87,0,-86,0,-85,0,-84,0,-83,0,-82,0,-81,0,-80,0,-79,0,-78,0,-77,0,-76,0,-75,0,-74,0,-73,0,-72,0,-71,0,-70,0,-69,0,-68,0,-67,0,-66,0,-65,1,-64,0,-63,0,-62,0,-61,0,-60,0,-59,0,-58,0,-57,0,-56,0,-55,0,-54,0,-53,0,-52,0,-51,0,-50,0,-49,0,-48,0,-47,0,-46,0,-45,0,-44,0,-43,0,-42,0,-41,0,-40,0,-39,0,-38,0,-37,0,-36,0,-35,0,-34,0,-33,0,-32,0,-31,0,-30,0
1,1,0,0,5,-90,0,-89,0,-88,0,-87,0,-86,0,-85,0,-84,0,-83,0,-82,0,-81,0,-80,0,-79,0,-78,0,-77,0,-76,0,-75,0,-74,0,-73,0,-72,0,-71,0,-70,0,-69,0,-68,0,-67,0,-66,1,-65,0,-64,0,-63,0,-62,0,-61,0,-60,0,-59,0,-58,0,-57,0,-56,0,-55,0,-54,0,-53,0,-52,0,-51,0,-50,0,-49,0,-48,0,-47,0,-46,0,-45,0,-44,0,-43,0,-42,0,-41,0,-40,0,-39,0,-38,0,-37,0,-36,0,-35,0,-34,0,-33,0,-32,0,-31,0,-30,0
1,1,0,0,6,-90,0,-89,0,-88,0,-87,0,-86,0,-85,0,-84,0,-83,0,-82,0,-81,0,-80,0,-79,0,-78,0,-77,0,-76,0,-75,0,-74,0,-73,0,-72,0,-71,0,-70,0,-69,3.9702e-13,-68,4.0107e-05,-67,0.23408,-66,0.75955,-65,0.0063325,-64,5.6007e-09,-63,2.1327e-19,-62,2.9298e-34,-61,1.3694e-53,-60,2.122e-77,-59,1.0752e-105,-58,1.7667e-138,-57,9.3656e-176,-56,1.5962e-217,-55,8.7232e-264,-54,1.5259e-314,-53,0,-52,0,-51,0,-50,0,-49,0,-48,0,-47,0,-46,0,-45,0,-44,0,-43,0,-42,0,-41,0,-40,0,-39,0,-38,0,-37,0,-36,0,-35,0,-34,0,-33,0,-32,0,-31,0,-30,0
1,1,0,0,7,-90,0,-89,0,-88,0,-87,0,-86,0,-85,0,-84,0,-83,0,-82,0,-81,0,-80,0,-79,0,-78,0,-77,0,-76,0,-75,0,-74,0,-73,0,-72,0,-71,0,-70,0,-69,0,-68,0,-67,0,-66,0,-65,0,-64,0,-63,0,-62,0,-61,0,-60,1,-59,6.504e-36,-58,7.086e-249,-57,0,-56,0,-55,0,-54,0,-53,0,-52,0,-51,0,-50,0,-49,0,-48,0,-47,0,-46,0,-45,0,-44,0,-43,0,-42,0,-41,0,-40,0,-39,0,-38,0,-37,0,-36,0,-35,0,-34,0,-33,0,-32,0,-31,0,-30,0
1,1,0,0,8,-90,0,-89,0,-88,0,-87,0,-86,0,-85,0,-84,0,-83,0,-82,0,-81,0,-80,0,-79,0,-78,0,-77,0,-76,0,-75,0,-74,0,-73,0,-72,0,-71,0,-70,0,-69,0,-68,0,-67,0,-66,0,-65,0,-64,0,-63,0,-62,0,-61,0,-60,0,-59,1,-58,5.8002e-18,-57,0,-56,0,-55,0,-54,0,-53,0,-52,0,-51,0,-50,0,-49,0,-48,0,-47,0,-46,0,-45,0,-44,0,-43,0,-42,0,-41,0,-40,0,-39,0,-38,0,-37,0,-36,0,-35,0,-34,0,-33,0,-32,0,-31,0,-30,0
1,1,0,0,9,-90,0,-89,0,-88,0,-87,0,-86,0,-85,0,-84,0,-83,0,-82,0,-81,0,-80,0,-79,0,-78,0,-77,0,-76,0,-75,0,-74,0,-73,0,-72,0,-71,0,-70,0,-69,0,-68,0,-67,0,-66,0,-65,0,-64,0,-63,0,-62,0,-61,0,-60,0,-59,0,-58,0,-57,0,-56,0,-55,0,-54,0,-53,1,-52,0,-51,0,-50,0,-49,0,-48,0,-47,0,-46,0,-45,0,-44,0,-43,0,-42,0,-41,0,-40,0,-39,0,-38,0,-37,0,-36,0,-35,0,-34,0,-33,0,-32,0,-31,0,-30,0
1,1,0,0,10,-90,0,-89,0,-88,0,-87,0,-86,0,-85,0,-84,0,-83,0,-82,0,-81,0,-80,0,-79,0,-78,0,-77,0,-76,0,-75,0,-74,0,-73,0,-72,0,-71,0,-70,0,-69,0,-68,0,-67,0,-66,0,-65,0,-64,0,-63,0,-62,0,-61,0,-60,0,-59,0,-58,0,-57,0,-56,0,-55,0,-54,0,-53,1,-52,0,-51,0,-50,0,-49,0,-48,0,-47,0,-46,0,-45,0,-44,0,-43,0,-42,0,-41,0,-40,0,-39,0,-38,0,-37,0,-36,0,-35,0,-34,0,-33,0,-32,0,-31,0,-30,0
1,1,0,0,11,-90,0,-89,0,-88,0,-87,0,-86,0,-85,0,-84,0,-83,0,-82,0,-81,0,-80,0,-79,0,-78,0,-77,0,-76,0,-75,0,-74,0,-73,0,-72,0,-71,0,-70,0,-69,0,-68,0,-67,0,-66,0,-65,1,-64,0,-63,0,-62,0,-61,0,-60,0,-59,0,-58,0,-57,0,-56,0,-55,0,-54,0,-53,0,-52,0,-51,0,-50,0,-49,0,-48,0,-47,0,-46,0,-45,0,-44,0,-43,0,-42,0,-41,0,-40,0,-39,0,-38,0,-37,0,-36,0,-35,0,-34,0,-33,0,-32,0,-31,0,-30,0
1,1.5,0,0,1,-90,0,-89,0,-88,0,-87,0,-86,0,-85,0,-84,0,-83,0,-82,0,-81,0,-80,0,-79,0,-78,0,-77,0,-76,0,-75,0,-74,0,-73,0,-72,0,-71,0,-70,0,-69,0,-68,0,-67,0,-66,0,-65,0,-64,0,-63,0,-62,0,-61,1.5179e-06,-60,0.35864,-59,0.64132,-58,4.0031e-05,-57,7.8859e-17,-56,1.8237e-36,-55,4.2023e-64,-54,9.1414e-100,-53,1.8323e-143,-52,3.3403e-195,-51,5.496e-255,-50,7.9051e-323,-49,0,-48,0,-47,0,-46,0,-45,0,-44,0,-43,0,-42,0,-41,0,-40,0,-39,0,-38,0,-37,0,-36,0,-35,0,-34,0,-33,0,-32,0,-31,0,-30,0
1,1.5,0,0,2,-90,0,-89,0,-88,0,-87,0,-86,0,-85,0,-84,0,-83,0,-82,0,-81,0,-80,0,-79,0,-78,0,-77,0,-76,0,-75,0,-74,0,-73,0,-72,0,-71,0,-70,0,-69,0,-68,0,-67,0.00027036,-66,0.99973,-65,1.9639e-09,-64,1.0493e-52,-63,1.0064e-133,-62,1.2866e-252,-61,0,-60,0,-59,0,-58,0,-57,0,-56,0,-55,0,-54,0,-53,0,-52,0,-51,0,-50,0,-49,0,-48,0,-47,0,-46,0,-45,0,-44,0,-43,0,-42,0,-41,0,-40,0,-39,0,-38,0,-37,0,-36,0,-35,0,-34,0,-33,0,-32,0,-31,0,-30,0
1,1.5,0,0,3,-90,0,-89,0,-88,0,-87,0,-86,0,-85,0,-84,0,-83,0,-82,0,-81,0,-80,0,-79,0,-78,0,-77,0,-76,0,-75,0,-74,0,-73,0,-72,0,-71,0,-70,1,-69,0,-68,0,-67,0,-66,0,-65,0,-64,0,-63,0,-62,0,-61,0,-60,0,-59,0,-58,0,-57,0,-56,0,-55,0,-54,0,-53,0,-52,0,-51,0,-50,0,-49,0,-48,0,-47,0,-46,0,-45,0,-44,0,-43,0,-42,0,-41,0,-40,0,-39,0,-38,0,-37,0,-36,0,-35,0,-34,0,-33,0,-32,0,-31,0,-30,0
1,1.5,0,0,4,-90,0,-89,0,-88,0,-87,0,-86,0,-85,0,-84,0,-83,0,-82,0,-81,0,-80,0,-79,0,-78,0,-77,0,-76,0,-75,0,-74,0,-73,0,-72,0,-71,0,-70,0,-69,0,-68,0,-67,0,-66,0.8085,-65,0.1915,-64,0,-63,0,-62,0,-61,0,-60,0,-59,0,-58,0,-57,0,-56,0,-55,0,-54,0,-53,0,-52,0,-51,0,-50,0,-49,0,-48,0,-47,0,-46,0,-45,0,-44,0,-43,0,-42,0,-41,0,-40,0,-39,0,-38,0,-37,0,-36,0,-35,0,-34,0,-33,0,-32,0,-31,0,-30,0
1,1.5,0,0,5,-90,0,-89,0,-88,0,-87,0,-86,0,-85,0,-84,0,-83,0,-82,0,-81,0,-80,0,-79,0,-78,0,-77,0,-76,0,-75,0,-74,0,-73,0,-72,0,-71,0,-70,0,-69,0,-68,0,-67,0,-66,1,-65,4.0645e-57,-64,0,-63,0,-62,0,-61,0,-60,0,-59,0,-58,0,-57,0,-56,0,-55,0,-54,0,-53,0,-52,0,-51,0,-50,0,-49,0,-48,0,-47,0,-46,0,-45,0,-44,0,-43,0,-42,0,-41,0,-40,0,-39,0,-38,0,-37,0,-36,0,-35,0,-34,0,-33,0,-32,0,-31,0,-30,0
1,1.5,0,0,6,-90,0,-89,0,-88,0,-87,0,-86,0,-85,0,-84,0,-83,0,-82,0,-81,0,-80,0,-79,0,-78,0,-77,0,-76,0,-75,0,-74,0,-73,0,-72,0,-71,0,-70,0,-69,0,-68,0,-67,7.7716e-16,-66,1.7606e-05,-65,0.38329,-64,0.61649,-63,0.00019761,-62,7.7209e-14,-61,1.566e-29,-60,1.4098e-51,-59,5.3433e-80,-58,8.3246e-115,-57,5.2631e-156,-56,1.34e-203,-55,1.3672e-257,-54,5.571e-318,-53,0,-52,0,-51,0,-50,0,-49,0,-48,0,-47,0,-46,0,-45,0,-44,0,-43,0,-42,0,-41,0,-40,0,-39,0,-38,0,-37,0,-36,0,-35,0,-34,0,-33,0,-32,0,-31,0,-30,0
1,1.5,0,0,7,-90,0,-89,0,-88,0,-87,0,-86,0,-85,0,-84,0,-83,0,-82,0,-81,0,-80,0,-79,0,-78,0,-77,0,-76,0,-75,0,-74,0,-73,0,-72,0,-71,0,-70,0,-69,0,-68,0,-67,0,-66,0,-65,0,-64,0,-63,0,-62,0,-61,0,-60,1,-59,1.896e-30,-58,0,-57,0,-56,0,-55,0,-54,0,-53,0,-52,0,-51,0,-50,0,-49,0,-48,0,-47,0,-46,0,-45,0,-44,0,-43,0,-42,0,-41,0,-40,0,-39,0,-38,0,-37,0,-36,0,-35,0,-34,0,-33,0,-32,0,-31,0,-30,0
1,1.5,0,0,8,-90,0,-89,0,-88,0,-87,0,-86,0,-85,0,-84,0,-83,0,-82,0,-81,0,-80,0,-79,0,-78,0,-77,0,-76,0,-75,0,-74,0,-73,0,-72,0,-71,0,-70,0,-69,0,-68,0,-67,0,-66,0,-65,0,-64,0,-63,0,-62,0,-61,0,-60,0,-59,0,-58,1,-57,2.6482e-50,-56,0,-55,0,-54,0,-53,0,-52,0,-51,0,-50,0,-49,0,-48,0,-47,0,-46,0,-45,0,-44,0,-43,0,-42,0,-41,0,-40,0,-39,0,-38,0,-37,0,-36,0,-35,0,-34,0,-33,0,-32,0,-31,0,-30,0
1,1.5,0,0,9,-90,0,-89,0,-88,0,-87,0,-86,0,-85,0,-84,0,-83,0,-82,0,-81,0,-80,0,-79,0,-78,0,-77,0,-76,0,-75,0,-74,0,-73,0,-72,0,-71,0,-70,0,-69,0,-68,0,-67,0,-66,0,-65,0,-64,0,-63,0,-62,0,-61,0,-60,0,-59,0,-58,0,-57,0,-56,0,-55,0,-54,0,-53,1,-52,0,-51,0,-50,0,-49,0,-48,0,-47,0,-46,0,-45,0,-44,0,-43,0,-42,0,-41,0,-40,0,-39,0,-38,0,-37,0,-36,0,-35,0,-34,0,-33,0,-32,0,-31,0,-30,0
1,1.5,0,0,10,-90,0,-89,0,-88,0,-87,0,-86,0,-85,0,-84,0,-83,0,-82,0,-81,0,-80,0,-79,0,-78,0,-77,0,-76,0,-75,0,-74,0,-73,0,-72,0,-71,0,-70,0,-69,0,-68,0,-67,0,-66,0,-65,0,-64,0,-63,0,-62,0,-61,0,-60,0,-59,0,-58,0,-57,0,-56,0,-55,0,-54,0,-53,1,-52,0,-51,0,-50,0,-49,0,-48,0,-47,0,-46,0,-45,0,-44,0,-43,0,-42,0,-41,0,-40,0,-39,0,-38,0,-37,0,-36,0,-35,0,-34,0,-33,0,-32,0,-31,0,-30,0
1,1.5,0,0,11,-90,0,-89,0,-88,0,-87,0,-86,0,-85,0,-84,0,-83,0,-82,0,-81,0,-80,0,-79,0,-78,0,-77,0,-76,0,-75,0,-74,0,-73,0,-72,0,-71,0,-70,0,-69,0,-68,0,-67,0,-66,0,-65,1,-64,0,-63,0,-62,0,-61,0,-60,0,-59,0,-58,0,-57,0,-56,0,-55,0,-54,0,-53,0,-52,0,-51,0,-50,0,-49,0,-48,0,-47,0,-46,0,-45,0,-44,0,-43,0,-42,0,-41,0,-40,0,-39,0,-38,0,-37,0,-36,0,-35,0,-34,0,-33,0,-32,0,-31,0,-30,0
1,2,0,0,1,-90,0,-89,0,-88,0,-87,0,-86,0,-85,0,-84,0,-83,0,-82,0,-81,0,-80,0,-79,0,-78,0,-77,0,-76,0,-75,0,-74,0,-73,0,-72,0,-71,0,-70,0,-69,0,-68,0,-67,0,-66,0,-65,0,-64,0,-63,6.6096e-09,-62,0.05488,-61,0.93864,-60,0.0064837,-59,2.5395e-11,-58,8.4838e-27,-57,1.8795e-49,-56,2.5693e-79,-55,2.1026e-116,-54,1.0143e-160,-53,2.8587e-212,-52,4.6806e-271,-51,0,-50,0,-49,0,-48,0,-47,0,-46,0,-45,0,-44,0,-43,0,-42,0,-41,0,-40,0,-39,0,-38,0,-37,0,-36,0,-35,0,-34,0,-33,0,-32,0,-31,0,-30,0
1,2,0,0,2,-90,0,-89,0,-88,0,-87,0,-86,0,-85,0,-84,0,-83,0,-82,0,-81,0,-80,0,-79,0,-78,0,-77,0,-76,0,-75,0,-74,0,-73,0,-72,0,-71,0,-70,0,-69,0,-68,2.0025e-09,-67,1,-66,4.9621e-23,-65,7.741e-144,-64,0,-63,0,-62,0,-61,0,-60,0,-59,0,-58,0,-57,0,-56,0,-55,0,-54,0,-53,0,-52,0,-51,0,-50,0,-49,0,-48,0,-47,0,-46,0,-45,0,-44,0,-43,0,-42,0,-41,0,-40,0,-39,0,-38,0,-37,0,-36,0,-35,0,-34,0,-33,0,-32,0,-31,0,-30,0
1,2,0,0,3,-90,0,-89,0,-88,0,-87,0,-86,0,-85,0,-84,0,-83,0,-82,0,-81,0,-80,0,-79,0,-78,0,-77,0,-76,0,-75,0,-74,0,-73,0,-72,0,-71,0,-70,1,-69,0,-68,0,-67,0,-66,0,-65,0,-64,0,-63,0,-62,0,-61,0,-60,0,-59,0,-58,0,-57,0,-56,0,-55,0,-54,0,-53,0,-52,0,-51,0,-50,0,-49,0,-48,0,-47,0,-46,0,-45,0,-44,0,-43,0,-42,0,-41,0,-40,0,-39,0,-38,0,-37,0,-36,0,-35,0,-34,0,-33,0,-32,0,-31,0,-30,0
1,2,0,0,4,-90,0,-89,0,-88,0,-87,0,-86,0,-85,0,-84,0,-83,0,-82,0,-81,0,-80,0,-79,0,-78,0,-77,0,-76,0,-75,0,-74,0,-73,0,-72,0,-71,0,-70,0,-69,0,-68,0,-67,0,-66,1,-65,0,-64,0,-63,0,-62,0,-61,0,-60,0,-59,0,-58,0,-57,0,-56,0,-55,0,-54,0,-53,0,-52,0,-51,0,-50,0,-49,0,-48,0,-47,0,-46,0,-45,0,-44,0,-43,0,-42,0,-41,0,-40,0,-39,0,-38,0,-37,0,-36,0,-35,0,-34,0,-33,0,-32,0,-31,0,-30,0
1,2,0,0,5,-90,0,-89,0,-88,0,-87,0,-86,0,-85,0,-84,0,-83,0,-82,0,-81,0,-80,0,-79,0,-78,0,-77,0,-76,0,-75,0,-74,0,-73,0,-72,0,-71,0,-70,0,-69,0,-68,0,-67,0,-66,0.0013675,-65,0.99863,-64,1.3343e-06,-63,1.5626e-35,-62,5.9222e-90,-61,5.3788e-170,-60,1.0842e-275,-59,0,-58,0,-57,0,-56,0,-55,0,-54,0,-53,0,-52,0,-51,0,-50,0,-49,0,-48,0,-47,0,-46,0,-45,0,-44,0,-43,0,-42,0,-41,0,-40,0,-39,0,-38,0,-37,0,-36,0,-35,0,-34,0,-33,0,-32,0,-31,0,-30,0
1,2,0,0,6,-90,0,-89,0,-88,0,-87,0,-86,0,-85,0,-84,0,-83,0,-82,0,-81,0,-80,0,-79,0,-78,0,-77,0,-76,0,-75,0,-74,0,-73,0,-72,0,-71,0,-70,0,-69,0,-68,0,-67,0,-66,0,-65,0,-64,2.435e-05,-63,0.99061,-62,0.0093607,-61,9.4347e-19,-60,2.5241e-52,-59,1.1277e-103,-58,7.618e-173,-57,7.4934e-260,-56,0,-55,0,-54,0,-53,0,-52,0,-51,0,-50,0,-49,0,-48,0,-47,0,-46,0,-45,0,-44,0,-43,0,-42,0,-41,0,-40,0,-39,0,-38,0,-37,0,-36,0,-35,0,-34,0,-33,0,-32,0,-31,0,-30,0
1,2,0,0,7,-90,0,-89,0,-88,0,-87,0,-86,0,-85,0,-84,0,-83,0,-82,0,-81,0,-80,0,-79,0,-78,0,-77,0,-76,0,-75,0,-74,0,-73,0,-72,0,-71,0,-70,0,-69,0,-68,0,-67,0,-66,0,-65,0,-64,0,-63,0,-62,0,-61,0,-60,0,-59,1,-58,0,-57,0,-56,0,-55,0,-54,0,-53,0,-52,0,-51,0,-50,0,-49,0,-48,0,-47,0,-46,0,-45,0,-44,0,-43,0,-42,0,-41,0,-40,0,-39,0,-38,0,-37,0,-36,0,-35,0,-34,0,-33,0,-32,0,-31,0,-30,0
1,2,0,0,8,-90,0,-89,0,-88,0,-87,0,-86,0,-85,0,-84,0,-83,0,-82,0,-81,0,-80,0,-79,0,-78,0,-77,0,-76,0,-75,0,-74,0,-73,0,-72,0,-71,0,-70,0,-69,0,-68,0,-67,0,-66,0,-65,0,-64,0,-63,0,-62,0,-61,0,-60,0,-59,0,-58,0.20569,-57,0.79431,-56,1.5925e-289,-55,0,-54,0,-53,0,-52,0,-51,0,-50,0,-49,0,-48,0,-47,0,-46,0,-45,0,-44,0,-43,0,-42,0,-41,0,-40,0,-39,0,-38,0,-37,0,-36,0,-35,0,-34,0,-33,0,-32,0,-31,0,-30,0
1,2,0,0,9,-90,0,-89,0,-88,0,-87,0,-86,0,-85,0,-84,0,-83,0,-82,0,-81,0,-80,0,-79,0,-78,0,-77,0,-76,0,-75,0,-74,0,-73,0,-72,0,-71,0,-70,0,-69,0,-68,0,-67,0,-66,0,-65,0,-64,0,-63,0,-62,0,-61,0,-60,0,-59,0,-58,0,-57,0,-56,0,-55,0,-54,0,-53,0,-52,1,-51,0,-50,0,-49,0,-48,0,-47,0,-46,0,-45,0,-44,0,-43,0,-42,0,-41,0,-40,0,-39,0,-38,0,-37,0,-36,0,-35,0,-34,0,-33,0,-32,0,-31,0,-30,0
1,2,0,0,10,-90,0,-89,0,-88,0,-87,0,-86,0,-85,0,-84,0,-83,0,-82,0,-81,0,-80,0,-79,0,-78,0,-77,0,-76,0,-75,0,-74,0,-73,0,-72,0,-71,0,-70,0,-69,0,-68,0,-67,0,-66,0,-65,0,-64,0,-63,0,-62,0,-61,0,-60,0,-59,0,-58,0,-57,0,-56,0,-55,0,-54,0,-53,1,-52,0,-51,0,-50,0,-49,0,-48,0,-47,0,-46,0,-45,0,-44,0,-43,0,-42,0,-41,0,-40,0,-39,0,-38,0,-37,0,-36,0,-35,0,-34,0,-33,0,-32,0,-31,0,-30,0
1,2,0,0,11,-90,0,-89,0,-88,0,-87,0,-86,0,-85,0,-84,0,-83,0,-82,0,-81,0,-80,0,-79,0,-78,0,-77,0,-76,0,-75,0,-74,0,-73,0,-72,0,-71,0,-70,0,-69,0,-68,0,-67,0,-66,0.7451,-65,0.2549,-64,5.1521e-256,-63,0,-62,0,-61,0,-60,0,-59,0,-58,0,-57,0,-56,0,-55,0,-54,0,-53,0,-52,0,-51,0,-50,0,-49,0,-48,0,-47,0,-46,0,-45,0,-44,0,-43,0,-42,0,-41,0,-40,0,-39,0,-38,0,-37,0,-36,0,-35,0,-34,0,-33,0,-32,0,-31,0,-30,0
1,2.5,0,0,1,-90,0,-89,0,-88,0,-87,0,-86,0,-85,0,-84,0,-83,0,-82,0,-81,0,-80,0,-79,0,-78,0,-77,0,-76,0,-75,0,-74,0,-73,0,-72,0,-71,0,-70,0,-69,0,-68,0,-67,0,-66,0,-65,0,-64,1.9126e-05,-63,0.86938,-62,0.13061,-61,9.773e-11,-60,1.9164e-31,-59,5.4695e-64,-58,2.0223e-108,-57,9.2866e-165,-56,5.191e-233,-55,3.4932e-313,-54,0,-53,0,-52,0,-51,0,-50,0,-49,0,-48,0,-47,0,-46,0,-45,0,-44,0,-43,0,-42,0,-41,0,-40,0,-39,0,-38,0,-37,0,-36,0,-35,0,-34,0,-33,0,-32,0,-31,0,-30,0
1,2.5,0,0,2,-90,0,-89,0,-88,0,-87,0,-86,0,-85,0,-84,0,-83,0,-82,0,-81,0,-80,0,-79,0,-78,0,-77,0,-76,0,-75,0,-74,0,-73,0,-72,0,-71,0,-70,0,-69,0,-68,1,-67,5.865e-38,-66,0,-65,0,-64,0,-63,0,-62,0,-61,0,-60,0,-59,0,-58,0,-57,0,-56,0,-55,0,-54,0,-53,0,-52,0,-51,0,-50,0,-49,0,-48,0,-47,0,-46,0,-45,0,-44,0,-43,0,-42,0,-41,0,-40,0,-39,0,-38,0,-37,0,-36,0,-35,0,-34,0,-33,0,-32,0,-31,0,-30,0
1,2.5,0,0,3,-90,0,-89,0,-88,0,-87,0,-86,0,-85,0,-84,0,-83,0,-82,0,-81,0,-80,0,-79,0,-78,0,-77,0,-76,0,-75,0,-74,0,-73,0,-72,0,-71,0,-70,1,-69,0,-68,0,-67,0,-66,0,-65,0,-64,0,-63,0,-62,0,-61,0,-60,0,-59,0,-58,0,-57,0,-56,0,-55,0,-54,0,-53,0,-52,0,-51,0,-50,0,-49,0,-48,0,-47,0,-46,0,-45,0,-44,0,-43,0,-42,0,-41,0,-40,0,-39,0,-38,0,-37,0,-36,0,-35,0,-34,0,-33,0,-32,0,-31,0,-30,0
1,2.5,0,0,4,-90,0,-89,0,-88,0,-87,0,-86,0,-85,0,-84,0,-83,0,-82,0,-81,0,-80,0,-79,0,-78,0,-77,0,-76,0,-75,0,-74,0,-73,0,-72,0,-71,0,-70,0,-69,0,-68,0,-67,0,-66,1,-65,0,-64,0,-63,0,-62,0,-61,0,-60,0,-59,0,-58,0,-57,0,-56,0,-55,0,-54,0,-53,0,-52,0,-51,0,-50,0,-49,0,-48,0,-47,0,-46,0,-45,0,-44,0,-43,0,-42,0,-41,0,-40,0,-39,0,-38,0,-37,0,-36,0,-35,0,-34,0,-33,0,-32,0,-31,0,-30,0
1,2.5,0,0,5,-90,0,-89,0,-88,0,-87,0,-86,0,-85,0,-84,0,-83,0,-82,0,-81,0,-80,0,-79,0,-78,0,-77,0,-76,0,-75,0,-74,0,-73,0,-72,0,-71,0,-70,0,-69,0,-68,0,-67,0,-66,0,-65,6.5447e-05,-64,0.81241,-63,0.18752,-62,1.0786e-08,-61,3.1512e-25,-60,2.6126e-51,-59,5.4629e-87,-58,2.7601e-132,-57,3.302e-187,-56,9.2492e-252,-55,0,-54,0,-53,0,-52,0,-51,0,-50,0,-49,0,-48,0,-47,0,-46,0,-45,0,-44,0,-43,0,-42,0,-41,0,-40,0,-39,0,-38,0,-37,0,-36,0,-35,0,-34,0,-33,0,-32,0,-31,0,-30,0
1,2.5,0,0,6,-90,0,-89,0,-88,0,-87,0,-86,0,-85,0,-84,0,-83,0,-82,0,-81,0,-80,0,-79,0,-78,0,-77,0,-76,0,-75,0,-74,0,-73,0,-72,0,-71,0,-70,0,-69,0,-68,0,-67,0,-66,0,-65,0,-64,0,-63,0,-62,0.99981,-61,0.00018887,-60,5.8065e-73,-59,4.979e-232,-58,0,-57,0,-56,0,-55,0,-54,0,-53,0,-52,0,-51,0,-50,0,-49,0,-48,0,-47,0,-46,0,-45,0,-44,0,-43,0,-42,0,-41,0,-40,0,-39,0,-38,0,-37,0,-36,0,-35,0,-34,0,-33,0,-32,0,-31,0,-30,0
1,2.5,0,0,7,-90,0,-89,0,-88,0,-87,0,-86,0,-85,0,-84,0,-83,0,-82,0,-81,0,-80,0,-79,0,-78,0,-77,0,-76,0,-75,0,-74,0,-73,0,-72,0,-71,0,-70,0,-69,0,-68,0,-67,0,-66,0,-65,0,-64,0,-63,0,-62,0,-61,0,-60,0,-59,1,-58,0,-57,0,-56,0,-55,0,-54,0,-53,0,-52,0,-51,0,-50,0,-49,0,-48,0,-47,0,-46,0,-45,0,-44,0,-43,0,-42,0,-41,0,-40,0,-39,0,-38,0,-37,0,-36,0,-35,0,-34,0,-33,0,-32,0,-31,0,-30,0
1,2.5,0,0,8,-90,0,-89,0,-88,0,-87,0,-86,0,-85,0,-84,0,-83,0,-82,0,-81,0,-80,0,-79,0,-78,0,-77,0,-76,0,-75,0,-74,0,-73,0,-72,0,-71,0,-70,0,-69,0,-68,0,-67,0,-66,0,-65,0,-64,0,-63,0,-62,0,-61,0,-60,0,-59,0,-58,0,-57,1,-56,0,-55,0,-54,0,-53,0,-52,0,-51,0,-50,0,-49,0,-48,0,-47,0,-46,0,-45,0,-44,0,-43,0,-42,0,-41,0,-40,0,-39,0,-38,0,-37,0,-36,0,-35,0,-34,0,-33,0,-32,0,-31,0,-30,0
1,2.5,0,0,9,-90,0,-89,0,-88,0,-87,0,-86,0,-85,0,-84,0,-83,0,-82,0,-81,0,-80,0,-79,0,-78,0,-77,0,-76,0,-75,0,-74,0,-73,0,-72,0,-71,0,-70,0,-69,0,-68,0,-67,0,-66,0,-65,0,-64,0,-63,0,-62,0,-61,0,-60,0,-59,0,-58,0,-57,0,-56,0,-55,0,-54,0,-53,0,-52,1,-51,3.1477e-127,-50,0,-49,0,-48,0,-47,0,-46,0,-45,0,-44,0,-43,0,-42,0,-41,0,-40,0,-39,0,-38,0,-37,0,-36,0,-35,0,-34,0,-33,0,-32,0,-31,0,-30,0
1,2.5,0,0,10,-90,0,-89,0,-88,0,-87,0,-86,0,-85,0,-84,0,-83,0,-82,0,-81,0,-80,0,-79,0,-78,0,-77,0,-76,0,-75,0,-74,0,-73,0,-72,0,-71,0,-70,0,-69,0,-68,0,-67,0,-66,0,-65,0,-64,0,-63,0,-62,0,-61,0,-60,0,-59,0,-58,0,-57,0,-56,0,-55,0,-54,1,-53,1.7021e-31,-52,0,-51,0,-50,0,-49,0,-48,0,-47,0,-46,0,-45,0,-44,0,-43,0,-42,0,-41,0,-40,0,-39,0,-38,0,-37,0,-36,0,-35,0,-34,0,-33,0,-32,0,-31,0,-30,0
1,2.5,0,0,11,-90,0,-89,0,-88,0,-87,0,-86,0,-85,0,-84,0,-83,0,-82,0,-81,0,-80,0,-79,0,-78,0,-77,0,-76,0,-75,0,-74,0,-73,0,-72,0,-71,0,-70,0,-69,0,-68,0,-67,0.013028,-66,0.98697,-65,1.0866e-21,-64,3.2493e-100,-63,2.9567e-238,-62,0,-61,0,-60,0,-59,0,-58,0,-57,0,-56,0,-55,0,-54,0,-53,0,-52,0,-51,0,-50,0,-49,0,-48,0,-47,0,-46,0,-45,0,-44,0,-43,0,-42,0,-41,0,-40,0,-39,0,-38,0,-37,0,-36,0,-35,0,-34,0,-33,0,-32,0,-31,0,-30,0
1,3,0,0,1,-90,0,-89,0,-88,0,-87,0,-86,0,-85,0,-84,0,-83,0,-82,0,-81,0,-80,0,-79,0,-78,0,-77,0,-76,0,-75,0,-74,0,-73,0,-72,0,-71,0,-70,0,-69,0,-68,0,-67,0,-66,0,-65,3.4665e-05,-64,0.99996,-63,9.4621e-07,-62,7.0383e-42,-61,5.5269e-110,-60,3.2402e-211,-59,0,-58,0,-57,0,-56,0,-55,0,-54,0,-53,0,-52,0,-51,0,-50,0,-49,0,-48,0,-47,0,-46,0,-45,0,-44,0,-43,0,-42,0,-41,0,-40,0,-39,0,-38,0,-37,0,-36,0,-35,0,-34,0,-33,0,-32,0,-31,0,-30,0
1,3,0,0,2,-90,0,-89,0,-88,0,-87,0,-86,0,-85,0,-84,0,-83,0,-82,0,-81,0,-80,0,-79,0,-78,0,-77,0,-76,0,-75,0,-74,0,-73,0,-72,0,-71,0,-70,0,-69,0,-68,1,-67,0,-66,0,-65,0,-64,0,-63,0,-62,0,-61,0,-60,0,-59,0,-58,0,-57,0,-56,0,-55,0,-54,0,-53,0,-52,0,-51,0,-50,0,-49,0,-48,0,-47,0,-46,0,-45,0,-44,0,-43,0,-42,0,-41,0,-40,0,-39,0,-38,0,-37,0,-36,0,-35,0,-34,0,-33,0,-32,0,-31,0,-30,0
1,3,0,0,3,-90,0,-89,0,-88,0,-87,0,-86,0,-85,0,-84,0,-83,0,-82,0,-81,0,-80,0,-79,0,-78,0,-77,0,-76,0,-75,0,-74,0,-73,0,-72,0,-71,0,-70,1,-69,1.87e-23,-68,0,-67,0,-66,0,-65,0,-64,0,-63,0,-62,0,-61,0,-60,0,-59,0,-58,0,-57,0,-56,0,-55,0,-54,0,-53,0,-52,0,-51,0,-50,0,-49,0,-48,0,-47,0,-46,0,-45,0,-44,0,-43,0,-42,0,-41,0,-40,0,-39,0,-38,0,-37,0,-36,0,-35,0,-34,0,-33,0,-32,0,-31,0,-30,0
1,3,0,0,4,-90,0,-89,0,-88,0,-87,0,-86,0,-85,0,-84,0,-83,0,-82,0,-81,0,-80,0,-79,0,-78,0,-77,0,-76,0,-75,0,-74,0,-73,0,-72,0,-71,0,-70,0,-69,0,-68,0,-67,0,-66,1,-65,0,-64,0,-63,0,-62,0,-61,0,-60,0,-59,0,-58,0,-57,0,-56,0,-55,0,-54,0,-53,0,-52,0,-51,0,-50,0,-49,0,-48,0,-47,0,-46,0,-45,0,-44,0,-43,0,-42,0,-41,0,-40,0,-39,0,-38,0,-37,0,-36,0,-35,0,-34,0,-33,0,-32,0,-31,0,-30,0
1,3,0,0,5,-90,0,-89,0,-88,0,-87,0,-86,0,-85,0,-84,0,-83,0,-82,0,-81,0,-80,0,-79,0,-78,0,-77,0,-76,0,-75,0,-74,0,-73,0,-72,0,-71,0,-70,0,-69,0,-68,0,-67,0,-66,0,-65,0,-64,2.1095e-10,-63,0.028314,-62,0.96421,-61,0.00748,-60,6.3128e-12,-59,5.4599e-29,-58,3.6619e-54,-57,1.7643e-87,-56,5.9168e-129,-55,1.3594e-178,-54,2.1199e-236,-53,2.2312e-302,-52,0,-51,0,-50,0,-49,0,-48,0,-47,0,-46,0,-45,0,-44,0,-43,0,-42,0,-41,0,-40,0,-39,0,-38,0,-37,0,-36,0,-35,0,-34,0,-33,0,-32,0,-31,0,-30,0
1,3,0,0,6,-90,0,-89,0,-88,0,-87,0,-86,0,-85,0,-84,0,-83,0,-82,0,-81,0,-80,0,-79,0,-78,0,-77,0,-76,0,-75,0,-74,0,-73,0,-72,0,-71,0,-70,0,-69,0,-68,0,-67,0,-66,0,-65,0,-64,0,-63,0,-62,0,-61,1,-60,1.1334e-166,-59,0,-58,0,-57,0,-56,0,-55,0,-54,0,-53,0,-52,0,-51,0,-50,0,-49,0,-48,0,-47,0,-46,0,-45,0,-44,0,-43,0,-42,0,-41,0,-40,0,-39,0,-38,0,-37,0,-36,0,-35,0,-34,0,-33,0,-32,0,-31,0,-30,0
1,3,0,0,7,-90,0,-89,0,-88,0,-87,0,-86,0,-85,0,-84,0,-83,0,-82,0,-81,0,-80,0,-79,0,-78,0,-77,0,-76,0,-75,0,-74,0,-73,0,-72,0,-71,0,-70,0,-69,0,-68,0,-67,0,-66,0,-65,0,-64,0,-63,0,-62,0,-61,0,-60,0,-59,1,-58,0,-57,0,-56,0,-55,0,-54,0,-53,0,-52,0,-51,0,-50,0,-49,0,-48,0,-47,0,-46,0,-45,0,-44,0,-43,0,-42,0,-41,0,-40,0,-39,0,-38,0,-37,0,-36,0,-35,0,-34,0,-33,0,-32,0,-31,0,-30,0
1,3,0,0,8,-90,0,-89,0,-88,0,-87,0,-86,0,-85,0,-84,0,-83,0,-82,0,-81,0,-80,0,-79,0,-78,0,-77,0,-76,0,-75,0,-74,0,-73,0,-72,0,-71,0,-70,0,-69,0,-68,0,-67,0,-66,0,-65,0,-64,0,-63,0,-62,0,-61,0,-60,0,-59,0,-58,0,-57,1,-56,0,-55,0,-54,0,-53,0,-52,0,-51,0,-50,0,-49,0,-48,0,-47,0,-46,0,-45,0,-44,0,-43,0,-42,0,-41,0,-40,0,-39,0,-38,0,-37,0,-36,0,-35,0,-34,0,-33,0,-32,0,-31,0,-30,0
1,3,0,0,9,-90,0,-89,0,-88,0,-87,0,-86,0,-85,0,-84,0,-83,0,-82,0,-81,0,-80,0,-79,0,-78,0,-77,0,-76,0,-75,0,-74,0,-73,0,-72,0,-71,0,-70,0,-69,0,-68,0,-67,0,-66,0,-65,0,-64,0,-63,0,-62,0,-61,0,-60,0,-59,0,-58,0,-57,0,-56,0,-55,0,-54,0,-53,0,-52,0.029082,-51,0.97092,-50,2.9923e-107,-49,0,-48,0,-47,0,-46,0,-45,0,-44,0,-43,0,-42,0,-41,0,-40,0,-39,0,-38,0,-37,0,-36,0,-35,0,-34,0,-33,0,-32,0,-31,0,-30,0
1,3,0,0,10,-90,0,-89,0,-88,0,-87,0,-86,0,-85,0,-84,0,-83,0,-82,0,-81,0,-80,0,-79,0,-78,0,-77,0,-76,0,-75,0,-74,0,-73,0,-72,0,-71,0,-70,0,-69,0,-68,0,-67,0,-66,0,-65,0,-64,0,-63,0,-62,0,-61,0,-60,0,-59,0,-58,0,-57,0,-56,0,-55,0.92302,-54,0.076975,-53,2.4241e-96,-52,0,-51,0,-50,0,-49,0,-48,0,-47,0,-46,0,-45,0,-44,0,-43,0,-42,0,-41,0,-40,0,-39,0,-38,0,-37,0,-36,0,-35,0,-34,0,-33,0,-32,0,-31,0,-30,0
1,3,0,0,11,-90,0,-89,0,-88,0,-87,0,-86,0,-85,0,-84,0,-83,0,-82,0,-81,0,-80,0,-79,0,-78,0,-77,0,-76,0,-75,0,-74,0,-73,0,-72,0,-71,0,-70,0,-69,1.7977e-12,-68,0.42856,-67,0.57144,-66,2.1673e-11,-65,4.8831e-41,-64,1.7648e-90,-63,8.6696e-160,-62,5.4897e-249,-61,0,-60,0,-59,0,-58,0,-57,0,-56,0,-55,0,-54,0,-53,0,-52,0,-51,0,-50,0,-49,0,-48,0,-47,0,-46,0,-45,0,-44,0,-43,0,-42,0,-41,0,-40,0,-39,0,-38,0,-37,0,-36,0,-35,0,-34,0,-33,0,-32,0,-31,0,-30,0
1,3.5,0,0,1,-90,0,-89,0,-88,0,-87,0,-86,0,-85,0,-84,0,-83,0,-82,0,-81,0,-80,0,-79,0,-78,0,-77,0,-76,0,-75,0,-74,0,-73,0,-72,0,-71,0,-70,0,-69,0,-68,0,-67,0,-66,0,-65,1,-64,8.0459e-25,-63,3.7138e-208,-62,0,-61,0,-60,0,-59,0,-58,0,-57,0,-56,0,-55,0,-54,0,-53,0,-52,0,-51,0,-50,0,-49,0,-48,0,-47,0,-46,0,-45,0,-44,0,-43,0,-42,0,-41,0,-40,0,-39,0,-38,0,-37,0,-36,0,-35,0,-34,0,-33,0,-32,0,-31,0,-30,0
1,3.5,0,0,2,-90,0,-89,0,-88,0,-87,0,-86,0,-85,0,-84,0,-83,0,-82,0,-81,0,-80,0,-79,0,-78,0,-77,0,-76,0,-75,0,-74,0,-73,0,-72,0,-71,0,-70,0,-69,0,-68,1,-67,0,-66,0,-65,0,-64,0,-63,0,-62,0,-61,0,-60,0,-59,0,-58,0,-57,0,-56,0,-55,0,-54,0,-53,0,-52,0,-51,0,-50,0,-49,0,-48,0,-47,0,-46,0,-45,0,-44,0,-43,0,-42,0,-41,0,-40,0,-39,0,-38,0,-37,0,-36,0,-35,0,-34,0,-33,0,-32,0,-31,0,-30,0
1,3.5,0,0,3,-90,0,-89,0,-88,0,-87,0,-86,0,-85,0,-84,0,-83,0,-82,0,-81,0,-80,0,-79,0,-78,0,-77,0,-76,0,-75,0,-74,0,-73,0,-72,0,-71,0,-70,0,-69,1,-68,0,-67,0,-66,0,-65,0,-64,0,-63,0,-62,0,-61,0,-60,0,-59,0,-58,0,-57,0,-56,0,-55,0,-54,0,-53,0,-52,0,-51,0,-50,0,-49,0,-48,0,-47,0,-46,0,-45,0,-44,0,-43,0,-42,0,-41,0,-40,0,-39,0,-38,0,-37,0,-36,0,-35,0,-34,0,-33,0,-32,0,-31,0,-30,0
1,3.5,0,0,4,-90,0,-89,0,-88,0,-87,0,-86,0,-85,0,-84,0,-83,0,-82,0,-81,0,-80,0,-79,0,-78,0,-77,0,-76,0,-75,0,-74,0,-73,0,-72,0,-71,0,-70,0,-69,0,-68,0,-67,0,-66,1,-65,0,-64,0,-63,0,-62,0,-61,0,-60,0,-59,0,-58,0,-57,0,-56,0,-55,0,-54,0,-53,0,-52,0,-51,0,-50,0,-49,0,-48,0,-47,0,-46,0,-45,0,-44,0,-43,0,-42,0,-41,0,-40,0,-39,0,-38,0,-37,0,-36,0,-35,0,-34,0,-33,0,-32,0,-31,0,-30,0
1,3.5,0,0,5,-90,0,-89,0,-88,0,-87,0,-86,0,-85,0,-84,0,-83,0,-82,0,-81,0,-80,0,-79,0,-78,0,-77,0,-76,0,-75,0,-74,0,-73,0,-72,0,-71,0,-70,0,-69,0,-68,0,-67,0,-66,0,-65,0,-64,0,-63,0,-62,1.8259e-08,-61,0.48581,-60,0.51419,-59,2.7279e-08,-58,5.3291e-28,-57,1.3628e-60,-56,3.9036e-106,-55,1.1895e-164,-54,3.7676e-236,-53,1.2248e-320,-52,0,-51,0,-50,0,-49,0,-48,0,-47,0,-46,0,-45,0,-44,0,-43,0,-42,0,-41,0,-40,0,-39,0,-38,0,-37,0,-36,0,-35,0,-34,0,-33,0,-32,0,-31,0,-30,0
1,3.5,0,0,6,-90,0,-89,0,-88,0,-87,0,-86,0,-85,0,-84,0,-83,0,-82,0,-81,0,-80,0,-79,0,-78,0,-77,0,-76,0,-75,0,-74,0,-73,0,-72,0,-71,0,-70,0,-69,0,-68,0,-67,0,-66,0,-65,0,-64,0,-63,0,-62,0,-61,1,-60,0,-59,0,-58,0,-57,0,-56,0,-55,0,-54,0,-53,0,-52,0,-51,0,-50,0,-49,0,-48,0,-47,0,-46,0,-45,0,-44,0,-43,0,-42,0,-41,0,-40,0,-39,0,-38,0,-37,0,-36,0,-35,0,-34,0,-33,0,-32,0,-31,0,-30,0
1,3.5,0,0,7,-90,0,-89,0,-88,0,-87,0,-86,0,-85,0,-84,0,-83,0,-82,0,-81,0,-80,0,-79,0,-78,0,-77,0,-76,0,-75,0,-74,0,-73,0,-72,0,-71,0,-70,0,-69,0,-68,0,-67,0,-66,0,-65,0,-64,0,-63,0,-62,0,-61,0,-60,0,-59,1,-58,0,-57,0,-56,0,-55,0,-54,0,-53,0,-52,0,-51,0,-50,0,-49,0,-48,0,-47,0,-46,0,-45,0,-44,0,-43,0,-42,0,-41,0,-40,0,-39,0,-38,0,-37,0,-36,0,-35,0,-34,0,-33,0,-32,0,-31,0,-30,0
1,3.5,0,0,8,-90,0,-89,0,-88,0,-87,0,-86,0,-85,0,-84,0,-83,0,-82,0,-81,0,-80,0,-79,0,-78,0,-77,0,-76,0,-75,0,-74,0,-73,0,-72,0,-71,0,-70,0,-69,0,-68,0,-67,0,-66,0,-65,0,-64,0,-63,0,-62,0,-61,0,-60,0,-59,0,-58,0,-57,1,-56,0,-55,0,-54,0,-53,0,-52,0,-51,0,-50,0,-49,0,-48,0,-47,0,-46,0,-45,0,-44,0,-43,0,-42,0,-41,0,-40,0,-39,0,-38,0,-37,0,-36,0,-35,0,-34,0,-33,0,-32,0,-31,0,-30,0
1,3.5,0,0,9,-90,0,-89,0,-88,0,-87,0,-86,0,-85,0,-84,0,-83,0,-82,0,-81,0,-80,0,-79,0,-78,0,-77,0,-76,0,-75,0,-74,0,-73,0,-72,0,-71,0,-70,0,-69,0,-68,0,-67,0,-66,0,-65,0,-64,0,-63,0,-62,0,-61,0,-60,0,-59,0,-58,0,-57,0,-56,0,-55,0,-54,0,-53,0,-52,0,-51,0.98868,-50,0.011316,-49,4.2011e-74,-48,1.1377e-254,-47,0,-46,0,-45,0,-44,0,-43,0,-42,0,-41,0,-40,0,-39,0,-38,0,-37,0,-36,0,-35,0,-34,0,-33,0,-32,0,-31,0,-30,0
1,3.5,0,0,10,-90,0,-89,0,-88,0,-87,0,-86,0,-85,0,-84,0,-83,0,-82,0,-81,0,-80,0,-79,0,-78,0,-77,0,-76,0,-75,0,-74,0,-73,0,-72,0,-71,0,-70,0,-69,0,-68,0,-67,0,-66,0,-65,0,-64,0,-63,0,-62,0,-61,0,-60,0,-59,0,-58,0,-57,0,-56,0.044802,-55,0.9552,-54,9.3242e-46,-53,5.258e-198,-52,0,-51,0,-50,0,-49,0,-48,0,-47,0,-46,0,-45,0,-44,0,-43,0,-42,0,-41,0,-40,0,-39,0,-38,0,-37,0,-36,0,-35,0,-34,0,-33,0,-32,0,-31,0,-30,0
1,3.5,0,0,11,-90,0,-89,0,-88,0,-87,0,-86,0,-85,0,-84,0,-83,0,-82,0,-81,0,-80,0,-79,0,-78,0,-77,0,-76,0,-75,0,-74,0,-73,0,-72,0,-71,0,-70,0.00028947,-69,0.97952,-68,0.020188,-67,2.3305e-14,-66,4.0094e-39,-65,6.6791e-77,-64,9.7767e-128,-63,1.2117e-191,-62,1.2486e-268,-61,0,-60,0,-59,0,-58,0,-57,0,-56,0,-55,0,-54,0,-53,0,-52,0,-51,0,-50,0,-49,0,-48,0,-47,0,-46,0,-45,0,-44,0,-43,0,-42,0,-41,0,-40,0,-39,0,-38,0,-37,0,-36,0,-35,0,-34,0,-33,0,-32,0,-31,0,-30,0
1,4,0,0,1,-90,0,-89,0,-88,0,-87,0,-86,0,-85,0,-84,0,-83,0,-82,0,-81,0,-80,0,-79,0,-78,0,-77,0,-76,0,-75,0,-74,0,-73,0,-72,0,-71,0,-70,0,-69,0,-68,0,-67,0,-66,0.9999,-65,0.00010282,-64,0,-63,0,-62,0,-61,0,-60,0,-59,0,-58,0,-57,0,-56,0,-55,0,-54,0,-53,0,-52,0,-51,0,-50,0,-49,0,-48,0,-47,0,-46,0,-45,0,-44,0,-43,0,-42,0,-41,0,-40,0,-39,0,-38,0,-37,0,-36,0,-35,0,-34,0,-33,0,-32,0,-31,0,-30,0
1,4,0,0,2,-90,0,-89,0,-88,0,-87,0,-86,0,-85,0,-84,0,-83,0,-82,0,-81,0,-80,0,-79,0,-78,0,-77,0,-76,0,-75,0,-74,0,-73,0,-72,0,-71,0,-70,0,-69,0,-68,1,-67,0,-66,0,-65,0,-64,0,-63,0,-62,0,-61,0,-60,0,-59,0,-58,0,-57,0,-56,0,-55,0,-54,0,-53,0,-52,0,-51,0,-50,0,-49,0,-48,0,-47,0,-46,0,-45,0,-44,0,-43,0,-42,0,-41,0,-40,0,-39,0,-38,0,-37,0,-36,0,-35,0,-34,0,-33,0,-32,0,-31,0,-30,0
1,4,0,0,3,-90,0,-89,0,-88,0,-87,0,-86,0,-85,0,-84,0,-83,0,-82,0,-81,0,-80,0,-79,0,-78,0,-77,0,-76,0,-75,0,-74,0,-73,0,-72,0,-71,0,-70,0,-69,1,-68,2.0477e-286,-67,0,-66,0,-65,0,-64,0,-63,0,-62,0,-61,0,-60,0,-59,0,-58,0,-57,0,-56,0,-55,0,-54,0,-53,0,-52,0,-51,0,-50,0,-49,0,-48,0,-47,0,-46,0,-45,0,-44,0,-43,0,-42,0,-41,0,-40,0,-39,0,-38,0,-37,0,-36,0,-35,0,-34,0,-33,0,-32,0,-31,0,-30,0
1,4,0,0,4,-90,0,-89,0,-88,0,-87,0,-86,0,-85,0,-84,0,-83,0,-82,0,-81,0,-80,0,-79,0,-78,0,-77,0,-76,0,-75,0,-74,0,-73,0,-72,0,-71,0,-70,0,-69,0,-68,0,-67,1,-66,9.0798e-111,-65,0,-64,0,-63,0,-62,0,-61,0,-60,0,-59,0,-58,0,-57,0,-56,0,-55,0,-54,0,-53,0,-52,0,-51,0,-50,0,-49,0,-48,0,-47,0,-46,0,-45,0,-44,0,-43,0,-42,0,-41,0,-40,0,-39,0,-38,0,-37,0,-36,0,-35,0,-34,0,-33,0,-32,0,-31,0,-30,0
1,4,0,0,5,-90,0,-89,0,-88,0,-87,0,-86,0,-85,0,-84,0,-83,0,-82,0,-81,0,-80,0,-79,0,-78,0,-77,0,-76,0,-75,0,-74,0,-73,0,-72,0,-71,0,-70,0,-69,0,-68,0,-67,0,-66,0,-65,0,-64,0,-63,0,-62,0,-61,0,-60,0.0021662,-59,0.99783,-58,4.4394e-12,-57,1.8317e-61,-56,2.4556e-151,-55,8.2353e-282,-54,0,-53,0,-52,0,-51,0,-50,0,-49,0,-48,0,-47,0,-46,0,-45,0,-44,0,-43,0,-42,0,-41,0,-40,0,-39,0,-38,0,-37,0,-36,0,-35,0,-34,0,-33,0,-32,0,-31,0,-30,0
1,4,0,0,6,-90,0,-89,0,-88,0,-87,0,-86,0,-85,0,-84,0,-83,0,-82,0,-81,0,-80,0,-79,0,-78,0,-77,0,-76,0,-75,0,-74,0,-73,0,-72,0,-71,0,-70,0,-69,0,-68,0,-67,0,-66,0,-65,0,-64,0,-63,0,-62,0,-61,1,-60,0,-59,0,-58,0,-57,0,-56,0,-55,0,-54,0,-53,0,-52,0,-51,0,-50,0,-49,0,-48,0,-47,0,-46,0,-45,0,-44,0,-43,0,-42,0,-41,0,-40,0,-39,0,-38,0,-37,0,-36,0,-35,0,-34,0,-33,0,-32,0,-31,0,-30,0
1,4,0,0,7,-90,0,-89,0,-88,0,-87,0,-86,0,-85,0,-84,0,-83,0,-82,0,-81,0,-80,0,-79,0,-78,0,-77,0,-76,0,-75,0,-74,0,-73,0,-72,0,-71,0,-70,0,-69,0,-68,0,-67,0,-66,0,-65,0,-64,0,-63,0,-62,0,-61,0,-60,0,-59,1,-58,0,-57,0,-56,0,-55,0,-54,0,-53,0,-52,0,-51,0,-50,0,-49,0,-48,0,-47,0,-46,0,-45,0,-44,0,-43,0,-42,0,-41,0,-40,0,-39,0,-38,0,-37,0,-36,0,-35,0,-34,0,-33,0,-32,0,-31,0,-30,0
1,4,0,0,8,-90,0,-89,0,-88,0,-87,0,-86,0,-85,0,-84,0,-83,0,-82,0,-81,0,-80,0,-79,0,-78,0,-77,0,-76,0,-75,0,-74,0,-73,0,-72,0,-71,0,-70,0,-69,0,-68,0,-67,0,-66,0,-65,0,-64,0,-63,0,-62,0,-61,0,-60,0,-59,0,-58,1,-57,9.3722e-09,-56,1.0615e-133,-55,0,-54,0,-53,0,-52,0,-51,0,-50,0,-49,0,-48,0,-47,0,-46,0,-45,0,-44,0,-43,0,-42,0,-41,0,-40,0,-39,0,-38,0,-37,0,-36,0,-35,0,-34,0,-33,0,-32,0,-31,0,-30,0
1,4,0,0,9,-90,0,-89,0,-88,0,-87,0,-86,0,-85,0,-84,0,-83,0,-82,0,-81,0,-80,0,-79,0,-78,0,-77,0,-76,0,-75,0,-74,0,-73,0,-72,0,-71,0,-70,0,-69,0,-68,0,-67,0,-66,0,-65,0,-64,0,-63,0,-62,0,-61,0,-60,0,-59,0,-58,0,-57,0,-56,0,-55,0,-54,0,-53,0,-52,0,-51,0,-50,0.99943,-49,0.0005726,-48,2.7915e-62,-47,1.0574e-197,-46,0,-45,0,-44,0,-43,0,-42,0,-41,0,-40,0,-39,0,-38,0,-37,0,-36,0,-35,0,-34,0,-33,0,-32,0,-31,0,-30,0
1,4,0,0,10,-90,0,-89,0,-88,0,-87,0,-86,0,-85,0,-84,0,-83,0,-82,0,-81,0,-80,0,-79,0,-78,0,-77,0,-76,0,-75,0,-74,0,-73,0,-72,0,-71,0,-70,0,-69,0,-68,0,-67,0,-66,0,-65,0,-64,0,-63,0,-62,0,-61,0,-60,0,-59,0,-58,0,-57,2.1636e-05,-56,0.99998,-55,2.5449e-34,-54,7.8648e-178,-53,0,-52,0,-51,0,-50,0,-49,0,-48,0,-47,0,-46,0,-45,0,-44,0,-43,0,-42,0,-41,0,-40,0,-39,0,-38,0,-37,0,-36,0,-35,0,-34,0,-33,0,-32,0,-31,0,-30,0
1,4,0,0,11,-90,0,-89,0,-88,0,-87,0,-86,0,-85,0,-84,0,-83,0,-82,0,-81,0,-80,0,-79,0,-78,0,-77,0,-76,0,-75,0,-74,0,-73,0,-72,1.3156e-13,-71,0.12103,-70,0.87897,-69,3.3082e-07,-68,5.3341e-29,-67,4.9875e-67,-66,2.1973e-121,-65,4.2877e-192,-64,3.6085e-279,-63,0,-62,0,-61,0,-60,0,-59,0,-58,0,-57,0,-56,0,-55,0,-54,0,-53,0,-52,0,-51,0,-50,0,-49,0,-48,0,-47,0,-46,0,-45,0,-44,0,-43,0,-42,0,-41,0,-40,0,-39,0,-38,0,-37,0,-36,0,-35,0,-34,0,-33,0,-32,0,-31,0,-30,0
1,4.5,0,0,1,-90,0,-89,0,-88,0,-87,0,-86,0,-85,0,-84,0,-83,0,-82,0,-81,0,-80,0,-79,0,-78,0,-77,0,-76,0,-75,0,-74,0,-73,0,-72,0,-71,0,-70,0,-69,0,-68,0,-67,0,-66,1,-65,0,-64,0,-63,0,-62,0,-61,0,-60,0,-59,0,-58,0,-57,0,-56,0,-55,0,-54,0,-53,0,-52,0,-51,0,-50,0,-49,0,-48,0,-47,0,-46,0,-45,0,-44,0,-43,0,-42,0,-41,0,-40,0,-39,0,-38,0,-37,0,-36,0,-35,0,-34,0,-33,0,-32,0,-31,0,-30,0
1,4.5,0,0,2,-90,0,-89,0,-88,0,-87,0,-86,0,-85,0,-84,0,-83,0,-82,0,-81,0,-80,0,-79,0,-78,0,-77,0,-76,0,-75,0,-74,0,-73,0,-72,0,-71,0,-70,0,-69,0,-68,0.99818,-67,0.0018185,-66,0,-65,0,-64,0,-63,0,-62,0,-61,0,-60,0,-59,0,-58,0,-57,0,-56,0,-55,0,-54,0,-53,0,-52,0,-51,0,-50,0,-49,0,-48,0,-47,0,-46,0,-45,0,-44,0,-43,0,-42,0,-41,0,-40,0,-39,0,-38,0,-37,0,-36,0,-35,0,-34,0,-33,0,-32,0,-31,0,-30,0
1,4.5,0,0,3,-90,0,-89,0,-88,0,-87,0,-86,0,-85,0,-84,0,-83,0,-82,0,-81,0,-80,0,-79,0,-78,0,-77,0,-76,0,-75,0,-74,0,-73,0,-72,0,-71,0,-70,0,-69,1,-68,8.9153e-129,-67,0,-66,0,-65,0,-64,0,-63,0,-62,0,-61,0,-60,0,-59,0,-58,0,-57,0,-56,0,-55,0,-54,0,-53,0,-52,0,-51,0,-50,0,-49,0,-48,0,-47,0,-46,0,-45,0,-44,0,-43,0,-42,0,-41,0,-40,0,-39,0,-38,0,-37,0,-36,0,-35,0,-34,0,-33,0,-32,0,-31,0,-30,0
1,4.5,0,0,4,-90,0,-89,0,-88,0,-87,0,-86,0,-85,0,-84,0,-83,0,-82,0,-81,0,-80,0,-79,0,-78,0,-77,0,-76,0,-75,0,-74,0,-73,0,-72,0,-71,0,-70,0,-69,0,-68,0,-67,1,-66,0,-65,0,-64,0,-63,0,-62,0,-61,0,-60,0,-59,0,-58,0,-57,0,-56,0,-55,0,-54,0,-53,0,-52,0,-51,0,-50,0,-49,0,-48,0,-47,0,-46,0,-45,0,-44,0,-43,0,-42,0,-41,0,-40,0,-39,0,-38,0,-37,0,-36,0,-35,0,-34,0,-33,0,-32,0,-31,0,-30,0
1,4.5,0,0,5,-90,0,-89,0,-88,0,-87,0,-86,0,-85,0,-84,0,-83,0,-82,0,-81,0,-80,0,-79,0,-78,0,-77,0,-76,0,-75,0,-74,0,-73,0,-72,0,-71,0,-70,0,-69,0,-68,0,-67,0,-66,0,-65,0,-64,0,-63,0,-62,0,-61,0,-60,0,-59,3.4047e-06,-58,1,-57,3.1128e-106,-56,0,-55,0,-54,0,-53,0,-52,0,-51,0,-50,0,-49,0,-48,0,-47,0,-46,0,-45,0,-44,0,-43,0,-42,0,-41,0,-40,0,-39,0,-38,0,-37,0,-36,0,-35,0,-34,0,-33,0,-32,0,-31,0,-30,0
1,4.5,0,0,6,-90,0,-89,0,-88,0,-87,0,-86,0,-85,0,-84,0,-83,0,-82,0,-81,0,-80,0,-79,0,-78,0,-77,0,-76,0,-75,0,-74,0,-73,0,-72,0,-71,0,-70,0,-69,0,-68,0,-67,0,-66,0,-65,0,-64,0,-63,0,-62,0,-61,1,-60,0,-59,0,-58,0,-57,0,-56,0,-55,0,-54,0,-53,0,-52,0,-51,0,-50,0,-49,0,-48,0,-47,0,-46,0,-45,0,-44,0,-43,0,-42,0,-41,0,-40,0,-39,0,-38,0,-37,0,-36,0,-35,0,-34,0,-33,0,-32,0,-31,0,-30,0
1,4.5,0,0,7,-90,0,-89,0,-88,0,-87,0,-86,0,-85,0,-84,0,-83,0,-82,0,-81,0,-80,0,-79,0,-78,0,-77,0,-76,0,-75,0,-74,0,-73,0,-72,0,-71,0,-70,0,-69,0,-68,0,-67,0,-66,0,-65,0,-64,0,-63,0,-62,0,-61,0,-60,0,-59,0.99687,-58,0.0031262,-57,1.4795e-306,-56,0,-55,0,-54,0,-53,0,-52,0,-51,0,-50,0,-49,0,-48,0,-47,0,-46,0,-45,0,-44,0,-43,0,-42,0,-41,0,-40,0,-39,0,-38,0,-37,0,-36,0,-35,0,-34,0,-33,0,-32,0,-31,0,-30,0
1,4.5,0,0,8,-90,0,-89,0,-88,0,-87,0,-86,0,-85,0,-84,0,-83,0,-82,0,-81,0,-80,0,-79,0,-78,0,-77,0,-76,0,-75,0,-74,0,-73,0,-72,0,-71,0,-70,0,-69,0,-68,0,-67,0,-66,0,-65,0,-64,0,-63,0,-62,0,-61,0,-60,0,-59,0.9896,-58,0.010399,-57,1.7728e-40,-56,6.1379e-130,-55,1.9554e-271,-54,0,-53,0,-52,0,-51,0,-50,0,-49,0,-48,0,-47,0,-46,0,-45,0,-44,0,-43,0,-42,0,-41,0,-40,0,-39,0,-38,0,-37,0,-36,0,-35,0,-34,0,-33,0,-32,0,-31,0,-30,0
1,4.5,0,0,9,-90,0,-89,0,-88,0,-87,0,-86,0,-85,0,-84,0,-83,0,-82,0,-81,0,-80,0,-79,0,-78,0,-77,0,-76,0,-75,0,-74,0,-73,0,-72,0,-71,0,-70,0,-69,0,-68,0,-67,0,-66,0,-65,0,-64,0,-63,0,-62,0,-61,0,-60,0,-59,0,-58,0,-57,0,-56,0,-55,0,-54,0,-53,0,-52,0,-51,0,-50,0,-49,1,-48,3.5398e-08,-47,1.3468e-101,-46,1.5043e-305,-45,0,-44,0,-43,0,-42,0,-41,0,-40,0,-39,0,-38,0,-37,0,-36,0,-35,0,-34,0,-33,0,-32,0,-31,0,-30,0
1,4.5,0,0,10,-90,0,-89,0,-88,0,-87,0,-86,0,-85,0,-84,0,-83,0,-82,0,-81,0,-80,0,-79,0,-78,0,-77,0,-76,0,-75,0,-74,0,-73,0,-72,0,-71,0,-70,0,-69,0,-68,0,-67,0,-66,0,-65,0,-64,0,-63,0,-62,0,-61,0,-60,0,-59,0,-58,0,-57,1,-56,2.0243e-28,-55,4.2787e-209,-54,0,-53,0,-52,0,-51,0,-50,0,-49,0,-48,0,-47,0,-46,0,-45,0,-44,0,-43,0,-42,0,-41,0,-40,0,-39,0,-38,0,-37,0,-36,0,-35,0,-34,0,-33,0,-32,0,-31,0,-30,0
1,4.5,0,0,11,-90,0,-89,0,-88,0,-87,0,-86,0,-85,0,-84,0,-83,0,-82,0,-81,0,-80,0,-79,0,-78,0,-77,0,-76,0,-75,0,-74,0,-73,0,-72,0.64593,-71,0.35407,-70,1.4363e-29,-69,2.0788e-108,-68,2.5571e-238,-67,0,-66,0,-65,0,-64,0,-63,0,-62,0,-61,0,-60,0,-59,0,-58,0,-57,0,-56,0,-55,0,-54,0,-53,0,-52,0,-51,0,-50,0,-49,0,-48,0,-47,0,-46,0,-45,0,-44,0,-43,0,-42,0,-41,0,-40,0,-39,0,-38,0,-37,0,-36,0,-35,0,-34,0,-33,0,-32,0,-31,0,-30,0
1,5,0,0,1,-90,0,-89,0,-88,0,-87,0,-86,0,-85,0,-84,0,-83,0,-82,0,-81,0,-80,0,-79,0,-78,0,-77,0,-76,0,-75,0,-74,0,-73,0,-72,0,-71,0,-70,0,-69,0,-68,0,-67,0,-66,1,-65,4.3873e-286,-64,0,-63,0,-62,0,-61,0,-60,0,-59,0,-58,0,-57,0,-56,0,-55,0,-54,0,-53,0,-52,0,-51,0,-50,0,-49,0,-48,0,-47,0,-46,0,-45,0,-44,0,-43,0,-42,0,-41,0,-40,0,-39,0,-38,0,-37,0,-36,0,-35,0,-34,0,-33,0,-32,0,-31,0,-30,0
1,5,0,0,2,-90,0,-89,0,-88,0,-87,0,-86,0,-85,0,-84,0,-83,0,-82,0,-81,0,-80,0,-79,0,-78,0,-77,0,-76,0,-75,0,-74,0,-73,0,-72,0,-71,0,-70,0,-69,0,-68,0,-67,1,-66,0,-65,0,-64,0,-63,0,-62,0,-61,0,-60,0,-59,0,-58,0,-57,0,-56,0,-55,0,-54,0,-53,0,-52,0,-51,0,-50,0,-49,0,-48,0,-47,0,-46,0,-45,0,-44,0,-43,0,-42,0,-41,0,-40,0,-39,0,-38,0,-37,0,-36,0,-35,0,-34,0,-33,0,-32,0,-31,0,-30,0
1,5,0,0,3,-90,0,-89,0,-88,0,-87,0,-86,0,-85,0,-84,0,-83,0,-82,0,-81,0,-80,0,-79,0,-78,0,-77,0,-76,0,-75,0,-74,0,-73,0,-72,0,-71,0,-70,0,-69,1,-68,5.0258e-84,-67,0,-66,0,-65,0,-64,0,-63,0,-62,0,-61,0,-60,0,-59,0,-58,0,-57,0,-56,0,-55,0,-54,0,-53,0,-52,0,-51,0,-50,0,-49,0,-48,0,-47,0,-46,0,-45,0,-44,0,-43,0,-42,0,-41,0,-40,0,-39,0,-38,0,-37,0,-36,0,-35,0,-34,0,-33,0,-32,0,-31,0,-30,0
1,5,0,0,4,-90,0,-89,0,-88,0,-87,0,-86,0,-85,0,-84,0,-83,0,-82,0,-81,0,-80,0,-79,0,-78,0,-77,0,-76,0,-75,0,-74,0,-73,0,-72,0,-71,0,-70,0,-69,0,-68,0,-67,1,-66,0,-65,0,-64,0,-63,0,-62,0,-61,0,-60,0,-59,0,-58,0,-57,0,-56,0,-55,0,-54,0,-53,0,-52,0,-51,0,-50,0,-49,0,-48,0,-47,0,-46,0,-45,0,-44,0,-43,0,-42,0,-41,0,-40,0,-39,0,-38,0,-37,0,-36,0,-35,0,-34,0,-33,0,-32,0,-31,0,-30,0
1,5,0,0,5,-90,0,-89,0,-88,0,-87,0,-86,0,-85,0,-84,0,-83,0,-82,0,-81,0,-80,0,-79,0,-78,0,-77,0,-76,0,-75,0,-74,0,-73,0,-72,0,-71,0,-70,0,-69,0,-68,0,-67,0,-66,0,-65,0,-64,0,-63,0,-62,0,-61,0,-60,0,-59,0,-58,1,-57,1.8372e-167,-56,0,-55,0,-54,0,-53,0,-52,0,-51,0,-50,0,-49,0,-48,0,-47,0,-46,0,-45,0,-44,0,-43,0,-42,0,-41,0,-40,0,-39,0,-38,0,-37,0,-36,0,-35,0,-34,0,-33,0,-32,0,-31,0,-30,0
1,5,0,0,6,-90,0,-89,0,-88,0,-87,0,-86,0,-85,0,-84,0,-83,0,-82,0,-81,0,-80,0,-79,0,-78,0,-77,0,-76,0,-75,0,-74,0,-73,0,-72,0,-71,0,-70,0,-69,0,-68,0,-67,0,-66,0,-65,0,-64,0,-63,0,-62,0,-61,0.00069344,-60,0.99931,-59,0,-58,0,-57,0,-56,0,-55,0,-54,0,-53,0,-52,0,-51,0,-50,0,-49,0,-48,0,-47,0,-46,0,-45,0,-44,0,-43,0,-42,0,-41,0,-40,0,-39,0,-38,0,-37,0,-36,0,-35,0,-34,0,-33,0,-32,0,-31,0,-30,0
1,5,0,0,7,-90,0,-89,0,-88,0,-87,0,-86,0,-85,0,-84,0,-83,0,-82,0,-81,0,-80,0,-79,0,-78,0,-77,0,-76,0,-75,0,-74,0,-73,0,-72,0,-71,0,-70,0,-69,0,-68,0,-67,0,-66,0,-65,0,-64,0,-63,0,-62,0,-61,0,-60,0,-59,0,-58,1,-57,9.5578e-94,-56,0,-55,0,-54,0,-53,0,-52,0,-51,0,-50,0,-49,0,-48,0,-47,0,-46,0,-45,0,-44,0,-43,0,-42,0,-41,0,-40,0,-39,0,-38,0,-37,0,-36,0,-35,0,-34,0,-33,0,-32,0,-31,0,-30,0
1,5,0,0,8,-90,0,-89,0,-88,0,-87,0,-86,0,-85,0,-84,0,-83,0,-82,0,-81,0,-80,0,-79,0,-78,0,-77,0,-76,0,-75,0,-74,0,-73,0,-72,0,-71,0,-70,0,-69,0,-68,0,-67,0,-66,0,-65,0,-64,0,-63,0,-62,0,-61,7.5939e-14,-60,0.99787,-59,0.0021272,-58,1.5883e-39,-57,7.4281e-121,-56,1.1407e-247,-55,0,-54,0,-53,0,-52,0,-51,0,-50,0,-49,0,-48,0,-47,0,-46,0,-45,0,-44,0,-43,0,-42,0,-41,0,-40,0,-39,0,-38,0,-37,0,-36,0,-35,0,-34,0,-33,0,-32,0,-31,0,-30,0
1,5,0,0,9,-90,0,-89,0,-88,0,-87,0,-86,0,-85,0,-84,0,-83,0,-82,0,-81,0,-80,0,-79,0,-78,0,-77,0,-76,0,-75,0,-74,0,-73,0,-72,0,-71,0,-70,0,-69,0,-68,0,-67,0,-66,0,-65,0,-64,0,-63,0,-62,0,-61,0,-60,0,-59,0,-58,0,-57,0,-56,0,-55,0,-54,0,-53,0,-52,0,-51,0,-50,0,-49,0,-48,1,-47,1.3695e-276,-46,0,-45,0,-44,0,-43,0,-42,0,-41,0,-40,0,-39,0,-38,0,-37,0,-36,0,-35,0,-34,0,-33,0,-32,0,-31,0,-30,0
1,5,0,0,10,-90,0,-89,0,-88,0,-87,0,-86,0,-85,0,-84,0,-83,0,-82,0,-81,0,-80,0,-79,0,-78,0,-77,0,-76,0,-75,0,-74,0,-73,0,-72,0,-71,0,-70,0,-69,0,-68,0,-67,0,-66,0,-65,0,-64,0,-63,0,-62,0,-61,0,-60,0,-59,0,-58,1,-57,6.479e-11,-56,2.3335e-187,-55,0,-54,0,-53,0,-52,0,-51,0,-50,0,-49,0,-48,0,-47,0,-46,0,-45,0,-44,0,-43,0,-42,0,-41,0,-40,0,-39,0,-38,0,-37,0,-36,0,-35,0,-34,0,-33,0,-32,0,-31,0,-30,0
1,5,0,0,11,-90,0,-89,0,-88,0,-87,0,-86,0,-85,0,-84,0,-83,0,-82,0,-81,0,-80,0,-79,0,-78,0,-77,0,-76,0,-75,0,-74,0,-73,0,-72,1,-71,0,-70,0,-69,0,-68,0,-67,0,-66,0,-65,0,-64,0,-63,0,-62,0,-61,0,-60,0,-59,0,-58,0,-57,0,-56,0,-55,0,-54,0,-53,0,-52,0,-51,0,-50,0,-49,0,-48,0,-47,0,-46,0,-45,0,-44,0,-43,0,-42,0,-41,0,-40,0,-39,0,-38,0,-37,0,-36,0,-35,0,-34,0,-33,0,-32,0,-31,0,-30,0
1,5.5,0,0,1,-90,0,-89,0,-88,0,-87,0,-86,0,-85,0,-84,0,-83,0,-82,0,-81,0,-80,0,-79,0,-78,0,-77,0,-76,0,-75,0,-74,0,-73,0,-72,0,-71,0,-70,0,-69,3.5224e-11,-68,0.006989,-67,0.93866,-66,0.054353,-65,7.3124e-09,-64,1.1478e-22,-63,1.471e-43,-62,1.4066e-71,-61,9.6829e-107,-60,4.7153e-149,-59,1.6082e-198,-58,3.8179e-255,-57,6.2825e-319,-56,0,-55,0,-54,0,-53,0,-52,0,-51,0,-50,0,-49,0,-48,0,-47,0,-46,0,-45,0,-44,0,-43,0,-42,0,-41,0,-40,0,-39,0,-38,0,-37,0,-36,0,-35,0,-34,0,-33,0,-32,0,-31,0,-30,0
1,5.5,0,0,2,-90,0,-89,0,-88,0,-87,0,-86,0,-85,0,-84,0,-83,0,-82,0,-81,0,-80,0,-79,0,-78,0,-77,0,-76,0,-75,0,-74,0,-73,0,-72,0,-71,0,-70,0,-69,0,-68,0.2765,-67,0.7235,-66,1.4447e-45,-65,4.2821e-183,-64,0,-63,0,-62,0,-61,0,-60,0,-59,0,-58,0,-57,0,-56,0,-55,0,-54,0,-53,0,-52,0,-51,0,-50,0,-49,0,-48,0,-47,0,-46,0,-45,0,-44,0,-43,0,-42,0,-41,0,-40,0,-39,0,-38,0,-37,0,-36,0,-35,0,-34,0,-33,0,-32,0,-31,0,-30,0
1,5.5,0,0,3,-90,0,-89,0,-88,0,-87,0,-86,0,-85,0,-84,0,-83,0,-82,0,-81,0,-80,0,-79,0,-78,0,-77,0,-76,0,-75,0,-74,0,-73,0,-72,0,-71,0,-70,1.3787e-09,-69,1,-68,1.1245e-13,-67,1.0797e-94,-66,4.6574e-252,-65,0,-64,0,-63,0,-62,0,-61,0,-60,0,-59,0,-58,0,-57,0,-56,0,-55,0,-54,0,-53,0,-52,0,-51,0,-50,0,-49,0,-48,0,-47,0,-46,0,-45,0,-44,0,-43,0,-42,0,-41,0,-40,0,-39,0,-38,0,-37,0,-36,0,-35,0,-34,0,-33,0,-32,0,-31,0,-30,0
1,5.5,0,0,4,-90,0,-89,0,-88,0,-87,0,-86,0,-85,0,-84,0,-83,0,-82,0,-81,0,-80,0,-79,0,-78,0,-77,0,-76,0,-75,0,-74,0,-73,0,-72,0,-71,0,-70,0,-69,0,-68,0,-67,0.12518,-66,0.87482,-65,0,-64,0,-63,0,-62,0,-61,0,-60,0,-59,0,-58,0,-57,0,-56,0,-55,0,-54,0,-53,0,-52,0,-51,0,-50,0,-49,0,-48,0,-47,0,-46,0,-45,0,-44,0,-43,0,-42,0,-41,0,-40,0,-39,0,-38,0,-37,0,-36,0,-35,0,-34,0,-33,0,-32,0,-31,0,-30,0
1,5.5,0,0,5,-90,0,-89,0,-88,0,-87,0,-86,0,-85,0,-84,0,-83,0,-82,0,-81,0,-80,0,-79,0,-78,0,-77,0,-76,0,-75,0,-74,0,-73,0,-72,0,-71,0,-70,0,-69,0,-68,0,-67,0,-66,0,-65,0,-64,0,-63,0,-62,0,-61,0,-60,0,-59,0,-58,0.0020863,-57,0.99791,-56,2.3469e-107,-55,0,-54,0,-53,0,-52,0,-51,0,-50,0,-49,0,-48,0,-47,0,-46,0,-45,0,-44,0,-43,0,-42,0,-41,0,-40,0,-39,0,-38,0,-37,0,-36,0,-35,0,-34,0,-33,0,-32,0,-31,0,-30,0
1,5.5,0,0,6,-90,0,-89,0,-88,0,-87,0,-86,0,-85,0,-84,0,-83,0,-82,0,-81,0,-80,0,-79,0,-78,0,-77,0,-76,0,-75,0,-74,0,-73,0,-72,0,-71,0,-70,0,-69,0,-68,0,-67,0,-66,0,-65,0,-64,0,-63,0,-62,0,-61,7.7716e-15,-60,0.99566,-59,0.0043432,-58,1.5039e-38,-57,9.429e-120,-56,5.3669e-247,-55,0,-54,0,-53,0,-52,0,-51,0,-50,0,-49,0,-48,0,-47,0,-46,0,-45,0,-44,0,-43,0,-42,0,-41,0,-40,0,-39,0,-38,0,-37,0,-36,0,-35,0,-34,0,-33,0,-32,0,-31,0,-30,0
1,5.5,0,0,7,-90,0,-89,0,-88,0,-87,0,-86,0,-85,0,-84,0,-83,0,-82,0,-81,0,-80,0,-79,0,-78,0,-77,0,-76,0,-75,0,-74,0,-73,0,-72,0,-71,0,-70,0,-69,0,-68,0,-67,0,-66,0,-65,0,-64,0,-63,0,-62,0,-61,0,-60,0,-59,0,-58,1,-57,0,-56,0,-55,0,-54,0,-53,0,-52,0,-51,0,-50,0,-49,0,-48,0,-47,0,-46,0,-45,0,-44,0,-43,0,-42,0,-41,0,-40,0,-39,0,-38,0,-37,0,-36,0,-35,0,-34,0,-33,0,-32,0,-31,0,-30,0
1,5.5,0,0,8,-90,0,-89,0,-88,0,-87,0,-86,0,-85,0,-84,0,-83,0,-82,0,-81,0,-80,0,-79,0,-78,0,-77,0,-76,0,-75,0,-74,0,-73,0,-72,0,-71,0,-70,0,-69,0,-68,0,-67,0,-66,0,-65,0,-64,0,-63,0,-62,0,-61,1,-60,1.6325e-06,-59,1.9976e-191,-58,0,-57,0,-56,0,-55,0,-54,0,-53,0,-52,0,-51,0,-50,0,-49,0,-48,0,-47,0,-46,0,-45,0,-44,0,-43,0,-42,0,-41,0,-40,0,-39,0,-38,0,-37,0,-36,0,-35,0,-34,0,-33,0,-32,0,-31,0,-30,0
1,5.5,0,0,9,-90,0,-89,0,-88,0,-87,0,-86,0,-85,0,-84,0,-83,0,-82,0,-81,0,-80,0,-79,0,-78,0,-77,0,-76,0,-75,0,-74,0,-73,0,-72,0,-71,0,-70,0,-69,0,-68,0,-67,0,-66,0,-65,0,-64,0,-63,0,-62,0,-61,0,-60,0,-59,0,-58,0,-57,0,-56,0,-55,0,-54,0,-53,0,-52,0,-51,0,-50,0,-49,0,-48,1,-47,9.5312e-83,-46,0,-45,0,-44,0,-43,0,-42,0,-41,0,-40,0,-39,0,-38,0,-37,0,-36,0,-35,0,-34,0,-33,0,-32,0,-31,0,-30,0
1,5.5,0,0,10,-90,0,-89,0,-88,0,-87,0,-86,0,-85,0,-84,0,-83,0,-82,0,-81,0,-80,0,-79,0,-78,0,-77,0,-76,0,-75,0,-74,0,-73,0,-72,0,-71,0,-70,0,-69,0,-68,0,-67,0,-66,0,-65,0,-64,0,-63,0,-62,0,-61,0,-60,0,-59,0.85264,-58,0.14736,-57,4.437e-42,-56,9.8106e-150,-55,0,-54,0,-53,0,-52,0,-51,0,-50,0,-49,0,-48,0,-47,0,-46,0,-45,0,-44,0,-43,0,-42,0,-41,0,-40,0,-39,0,-38,0,-37,0,-36,0,-35,0,-34,0,-33,0,-32,0,-31,0,-30,0
1,5.5,0,0,11,-90,0,-89,0,-88,0,-87,0,-86,0,-85,0,-84,0,-83,0,-82,0,-81,0,-80,0,-79,0,-78,0,-77,0,-76,0,-75,0,-74,0,-73,0,-72,1,-71,0,-70,0,-69,0,-68,0,-67,0,-66,0,-65,0,-64,0,-63,0,-62,0,-61,0,-60,0,-59,0,-58,0,-57,0,-56,0,-55,0,-54,0,-53,0,-52,0,-51,0,-50,0,-49,0,-48,0,-47,0,-46,0,-45,0,-44,0,-43,0,-42,0,-41,0,-40,0,-39,0,-38,0,-37,0,-36,0,-35,0,-34,0,-33,0,-32,0,-31,0,-30,0
1,6,0,0,1,-90,0,-89,0,-88,0,-87,0,-86,0,-85,0,-84,0,-83,0,-82,0,-81,0,-80,0,-79,0,-78,0,-77,0,-76,0,-75,0,-74,0,-73,0,-72,6.4393e-15,-71,7.578e-07,-70,0.02793,-69,0.80974,-68,0.16228,-67,5.1804e-05,-66,6.0491e-12,-65,1.9051e-22,-64,1.4836e-36,-63,2.7574e-54,-62,1.2017e-75,-61,1.2158e-100,-60,2.8376e-129,-59,1.5215e-161,-58,1.8689e-197,-57,5.2474e-237,-56,3.3627e-280,-55,0,-54,0,-53,0,-52,0,-51,0,-50,0,-49,0,-48,0,-47,0,-46,0,-45,0,-44,0,-43,0,-42,0,-41,0,-40,0,-39,0,-38,0,-37,0,-36,0,-35,0,-34,0,-33,0,-32,0,-31,0,-30,0
1,6,0,0,2,-90,0,-89,0,-88,0,-87,0,-86,0,-85,0,-84,0,-83,0,-82,0,-81,0,-80,0,-79,0,-78,0,-77,0,-76,0,-75,0,-74,0,-73,0,-72,0,-71,0,-70,3.6645e-09,-69,0.81142,-68,0.18858,-67,2.1851e-14,-66,3.655e-46,-65,3.8906e-97,-64,2.3069e-167,-63,7.2772e-257,-62,0,-61,0,-60,0,-59,0,-58,0,-57,0,-56,0,-55,0,-54,0,-53,0,-52,0,-51,0,-50,0,-49,0,-48,0,-47,0,-46,0,-45,0,-44,0,-43,0,-42,0,-41,0,-40,0,-39,0,-38,0,-37,0,-36,0,-35,0,-34,0,-33,0,-32,0,-31,0,-30,0
1,6,0,0,3,-90,0,-89,0,-88,0,-87,0,-86,0,-85,0,-84,0,-83,0,-82,0,-81,0,-80,0,-79,0,-78,0,-77,0,-76,0,-75,0,-74,0,-73,0,-72,0,-71,2.7861e-06,-70,1,-69,7.3761e-11,-68,8.6041e-68,-67,1.3868e-176,-66,0,-65,0,-64,0,-63,0,-62,0,-61,0,-60,0,-59,0,-58,0,-57,0,-56,0,-55,0,-54,0,-53,0,-52,0,-51,0,-50,0,-49,0,-48,0,-47,0,-46,0,-45,0,-44,0,-43,0,-42,0,-41,0,-40,0,-39,0,-38,0,-37,0,-36,0,-35,0,-34,0,-33,0,-32,0,-31,0,-30,0
1,6,0,0,4,-90,0,-89,0,-88,0,-87,0,-86,0,-85,0,-84,0,-83,0,-82,0,-81,0,-80,0,-79,0,-78,0,-77,0,-76,0,-75,0,-74,0,-73,0,-72,0,-71,0,-70,0,-69,0,-68,0,-67,0,-66,1,-65,2.2766e-55,-64,0,-63,0,-62,0,-61,0,-60,0,-59,0,-58,0,-57,0,-56,0,-55,0,-54,0,-53,0,-52,0,-51,0,-50,0,-49,0,-48,0,-47,0,-46,0,-45,0,-44,0,-43,0,-42,0,-41,0,-40,0,-39,0,-38,0,-37,0,-36,0,-35,0,-34,0,-33,0,-32,0,-31,0,-30,0
1,6,0,0,5,-90,0,-89,0,-88,0,-87,0,-86,0,-85,0,-84,0,-83,0,-82,0,-81,0,-80,0,-79,0,-78,0,-77,0,-76,0,-75,0,-74,0,-73,0,-72,0,-71,0,-70,0,-69,0,-68,0,-67,0,-66,0,-65,0,-64,0,-63,0,-62,0,-61,0,-60,0,-59,0,-58,0,-57,0.83488,-56,0.16512,-55,3.6133e-53,-54,2.749e-193,-53,0,-52,0,-51,0,-50,0,-49,0,-48,0,-47,0,-46,0,-45,0,-44,0,-43,0,-42,0,-41,0,-40,0,-39,0,-38,0,-37,0,-36,0,-35,0,-34,0,-33,0,-32,0,-31,0,-30,0
1,6,0,0,6,-90,0,-89,0,-88,0,-87,0,-86,0,-85,0,-84,0,-83,0,-82,0,-81,0,-80,0,-79,0,-78,0,-77,0,-76,0,-75,0,-74,0,-73,0,-72,0,-71,0,-70,0,-69,0,-68,0,-67,0,-66,0,-65,0,-64,0,-63,0,-62,0,-61,0,-60,0,-59,0.99927,-58,0.00072717,-57,4.2609e-67,-56,5.2089e-216,-55,0,-54,0,-53,0,-52,0,-51,0,-50,0,-49,0,-48,0,-47,0,-46,0,-45,0,-44,0,-43,0,-42,0,-41,0,-40,0,-39,0,-38,0,-37,0,-36,0,-35,0,-34,0,-33,0,-32,0,-31,0,-30,0
1,6,0,0,7,-90,0,-89,0,-88,0,-87,0,-86,0,-85,0,-84,0,-83,0,-82,0,-81,0,-80,0,-79,0,-78,0,-77,0,-76,0,-75,0,-74,0,-73,0,-72,0,-71,0,-70,0,-69,0,-68,0,-67,0,-66,0,-65,0,-64,0,-63,0,-62,0,-61,0,-60,0,-59,0.012346,-58,0.98765,-57,3.5777e-43,-56,4.2042e-194,-55,0,-54,0,-53,0,-52,0,-51,0,-50,0,-49,0,-48,0,-47,0,-46,0,-45,0,-44,0,-43,0,-42,0,-41,0,-40,0,-39,0,-38,0,-37,0,-36,0,-35,0,-34,0,-33,0,-32,0,-31,0,-30,0
1,6,0,0,8,-90,0,-89,0,-88,0,-87,0,-86,0,-85,0,-84,0,-83,0,-82,0,-81,0,-80,0,-79,0,-78,0,-77,0,-76,0,-75,0,-74,0,-73,0,-72,0,-71,0,-70,0,-69,0,-68,0,-67,0,-66,0,-65,0,-64,0,-63,0,-62,0,-61,1,-60,0,-59,0,-58,0,-57,0,-56,0,-55,0,-54,0,-53,0,-52,0,-51,0,-50,0,-49,0,-48,0,-47,0,-46,0,-45,0,-44,0,-43,0,-42,0,-41,0,-40,0,-39,0,-38,0,-37,0,-36,0,-35,0,-34,0,-33,0,-32,0,-31,0,-30,0
1,6,0,0,9,-90,0,-89,0,-88,0,-87,0,-86,0,-85,0,-84,0,-83,0,-82,0,-81,0,-80,0,-79,0,-78,0,-77,0,-76,0,-75,0,-74,0,-73,0,-72,0,-71,0,-70,0,-69,0,-68,0,-67,0,-66,0,-65,0,-64,0,-63,0,-62,0,-61,0,-60,0,-59,0,-58,0,-57,0,-56,0,-55,0,-54,0,-53,0,-52,0,-51,0,-50,2.8751e-05,-49,0.99997,-48,1.2068e-09,-47,1.2684e-57,-46,9.7547e-149,-45,3.9914e-283,-44,0,-43,0,-42,0,-41,0,-40,0,-39,0,-38,0,-37,0,-36,0,-35,0,-34,0,-33,0,-32,0,-31,0,-30,0
1,6,0,0,10,-90,0,-89,0,-88,0,-87,0,-86,0,-85,0,-84,0,-83,0,-82,0,-81,0,-80,0,-79,0,-78,0,-77,0,-76,0,-75,0,-74,0,-73,0,-72,0,-71,0,-70,0,-69,0,-68,0,-67,0,-66,0,-65,0,-64,0,-63,0,-62,0,-61,0,-60,0.5521,-59,0.4479,-58,5.3756e-60,-57,2.0512e-231,-56,0,-55,0,-54,0,-53,0,-52,0,-51,0,-50,0,-49,0,-48,0,-47,0,-46,0,-45,0,-44,0,-43,0,-42,0,-41,0,-40,0,-39,0,-38,0,-37,0,-36,0,-35,0,-34,0,-33,0,-32,0,-31,0,-30,0
1,6,0,0,11,-90,0,-89,0,-88,0,-87,0,-86,0,-85,0,-84,0,-83,0,-82,0,-81,0,-80,0,-79,0,-78,0,-77,0,-76,0,-75,0,-74,0,-73,0,-72,1,-71,6.4121e-79,-70,0,-69,0,-68,0,-67,0,-66,0,-65,0,-64,0,-63,0,-62,0,-61,0,-60,0,-59,0,-58,0,-57,0,-56,0,-55,0,-54,0,-53,0,-52,0,-51,0,-50,0,-49,0,-48,0,-47,0,-46,0,-45,0,-44,0,-43,0,-42,0,-41,0,-40,0,-39,0,-38,0,-37,0,-36,0,-35,0,-34,0,-33,0,-32,0,-31,0,-30,0
