4,0,0,0,1,-90,0,-89,0,-88,0,-87,0,-86,0,-85,0,-84,0,-83,0,-82,0,-81,0,-80,0,-79,0,-78,0,-77,0,-76,0,-75,0,-74,0,-73,0,-72,0,-71,0,-70,0,-69,0,-68,1.1102e-15,-67,1.9995e-10,-66,2.308e-06,-65,0.001811,-64,0.10635,-63,0.56049,-62,0.31387,-61,0.017405,-60,7.7979e-05,-59,2.4642e-08,-58,5.1501e-13,-57,6.9022e-19,-56,5.8352e-26,-55,3.082e-34,-54,1.0108e-43,-53,2.0503e-54,-52,2.5644e-66,-51,1.9738e-79,-50,9.3343e-94,-49,2.7089e-109,-48,4.8197e-126,-47,5.2534e-144,-46,3.5058e-163,-45,1.4317e-183,-44,3.5763e-205,-43,5.4625e-228,-42,5.1002e-252,-41,2.9102e-277,-40,1.0146e-303,-39,0,-38,0,-37,0,-36,0,-35,0,-34,0,-33,0,-32,0,-31,0,-30,0
4,0,0,0,2,-90,0,-89,0,-88,0,-87,0,-86,0,-85,0,-84,0,-83,0,-82,0,-81,0,-80,0,-79,0,-78,0,-77,0,-76,0,-75,0,-74,0,-73,0,-72,0,-71,0,-70,0,-69,0,-68,0,-67,0,-66,0,-65,0,-64,0,-63,0,-62,0,-61,0,-60,0,-59,0,-58,7.7716e-16,-57,0.79447,-56,0.20553,-55,3.2536e-22,-54,4.5093e-76,-53,1.9066e-163,-52,2.1304e-284,-51,0,-50,0,-49,0,-48,0,-47,0,-46,0,-45,0,-44,0,-43,0,-42,0,-41,0,-40,0,-39,0,-38,0,-37,0,-36,0,-35,0,-34,0,-33,0,-32,0,-31,0,-30,0
4,0,0,0,3,-90,0,-89,0,-88,0,-87,0,-86,0,-85,0,-84,0,-83,0,-82,0,-81,0,-80,0,-79,0,-78,0,-77,0,-76,0,-75,0,-74,0,-73,0,-72,0,-71,0,-70,0,-69,5.5511e-16,-68,3.7526e-14,-67,2.0511e-12,-66,8.3509e-11,-65,2.5347e-09,-64,5.7374e-08,-63,9.6883e-07,-62,1.2209e-05,-61,0.00011485,-60,0.00080679,-59,0.0042337,-58,0.0166,-57,0.04865,-56,0.10658,-55,0.17459,-54,0.21386,-53,0.19589,-52,0.13418,-51,0.068722,-50,0.026314,-49,0.0075314,-48,0.0016109,-47,0.0002574,-46,3.0718e-05,-45,2.737e-06,-44,1.8202e-07,-43,9.0312e-09,-42,3.3422e-10,-41,9.222e-12,-40,1.8966e-13,-39,2.9066e-15,-38,3.3182e-17,-37,2.8211e-19,-36,1.7857e-21,-35,8.4142e-24,-34,2.9506e-26,-33,7.6989e-29,-32,1.4945e-31,-31,2.1578e-34,-30,2.3171e-37
4,0,0,0,4,-90,0,-89,0,-88,0,-87,0,-86,0,-85,0,-84,0,-83,0,-82,0,-81,0,-80,0,-79,0,-78,0,-77,0,-76,0,-75,0,-74,0,-73,0,-72,0,-71,0,-70,3.4163e-12,-69,0.99942,-68,0.00057698,-67,5.0983e-41,-66,3.9139e-122,-65,1.4642e-247,-64,0,-63,0,-62,0,-61,0,-60,0,-59,0,-58,0,-57,0,-56,0,-55,0,-54,0,-53,0,-52,0,-51,0,-50,0,-49,0,-48,0,-47,0,-46,0,-45,0,-44,0,-43,0,-42,0,-41,0,-40,0,-39,0,-38,0,-37,0,-36,0,-35,0,-34,0,-33,0,-32,0,-31,0,-30,0
4,0,0,0,5,-90,0,-89,0,-88,0,-87,0,-86,0,-85,0,-84,0,-83,0,-82,0,-81,0,-80,0,-79,0,-78,0,-77,0,-76,0,-75,0,-74,0,-73,0.0003797,-72,0.99962,-71,0,-70,0,-69,0,-68,0,-67,0,-66,0,-65,0,-64,0,-63,0,-62,0,-61,0,-60,0,-59,0,-58,0,-57,0,-56,0,-55,0,-54,0,-53,0,-52,0,-51,0,-50,0,-49,0,-48,0,-47,0,-46,0,-45,0,-44,0,-43,0,-42,0,-41,0,-40,0,-39,0,-38,0,-37,0,-36,0,-35,0,-34,0,-33,0,-32,0,-31,0,-30,0
4,0,0,0,6,-90,0,-89,0,-88,0,-87,0,-86,0,-85,0,-84,0,-83,0,-82,0,-81,0,-80,0,-79,0,-78,0,-77,0,-76,0,-75,1.1681e-12,-74,1,-73,9.8802e-09,-72,1.2208e-74,-71,1.6149e-209,-70,0,-69,0,-68,0,-67,0,-66,0,-65,0,-64,0,-63,0,-62,0,-61,0,-60,0,-59,0,-58,0,-57,0,-56,0,-55,0,-54,0,-53,0,-52,0,-51,0,-50,0,-49,0,-48,0,-47,0,-46,0,-45,0,-44,0,-43,0,-42,0,-41,0,-40,0,-39,0,-38,0,-37,0,-36,0,-35,0,-34,0,-33,0,-32,0,-31,0,-30,0
4,0,0,0,7,-90,0,-89,0,-88,0,-87,0,-86,0,-85,0,-84,0,-83,0,-82,0,-81,0,-80,0,-79,1.1102e-16,-78,7.1607e-11,-77,2.6811e-06,-76,0.0035941,-75,0.20098,-74,0.64555,-73,0.14801,-72,0.0018691,-71,9.6014e-07,-70,1.7483e-11,-69,1.0664e-17,-68,2.1217e-25,-67,1.3574e-34,-66,2.7688e-45,-65,1.7908e-57,-64,3.6588e-71,-63,2.3554e-86,-62,4.7683e-103,-61,3.0311e-121,-60,6.0437e-141,-59,3.7764e-162,-58,7.3894e-185,-57,4.5254e-209,-56,8.6697e-235,-55,5.1937e-262,-54,9.7259e-291,-53,5.6916e-321,-52,0,-51,0,-50,0,-49,0,-48,0,-47,0,-46,0,-45,0,-44,0,-43,0,-42,0,-41,0,-40,0,-39,0,-38,0,-37,0,-36,0,-35,0,-34,0,-33,0,-32,0,-31,0,-30,0
4,0,0,0,8,-90,0,-89,0,-88,0,-87,0,-86,0,-85,0,-84,0,-83,0,-82,0,-81,0,-80,0,-79,0,-78,0,-77,0,-76,0,-75,0,-74,0,-73,0,-72,0,-71,0,-70,0,-69,0,-68,0,-67,0,-66,0,-65,0,-64,0,-63,0,-62,0,-61,1,-60,1.9097e-176,-59,0,-58,0,-57,0,-56,0,-55,0,-54,0,-53,0,-52,0,-51,0,-50,0,-49,0,-48,0,-47,0,-46,0,-45,0,-44,0,-43,0,-42,0,-41,0,-40,0,-39,0,-38,0,-37,0,-36,0,-35,0,-34,0,-33,0,-32,0,-31,0,-30,0
4,0,0,0,9,-90,0,-89,0,-88,0,-87,0,-86,0,-85,0,-84,0,-83,0,-82,0,-81,0,-80,0,-79,0,-78,0,-77,0,-76,0,-75,0,-74,0,-73,0,-72,0,-71,0,-70,0,-69,0,-68,0,-67,0,-66,0,-65,0,-64,0,-63,0,-62,1.1962e-09,-61,0.0014688,-60,0.50661,-59,0.49064,-58,0.0012862,-57,9.3255e-10,-56,1.0923e-19,-55,1.8192e-33,-54,4.1114e-51,-53,1.2334e-72,-52,4.8531e-98,-51,2.4863e-127,-50,1.6506e-160,-49,1.4155e-197,-48,1.5642e-238,-47,2.2236e-283,-46,0,-45,0,-44,0,-43,0,-42,0,-41,0,-40,0,-39,0,-38,0,-37,0,-36,0,-35,0,-34,0,-33,0,-32,0,-31,0,-30,0
4,0,0,0,10,-90,0,-89,0,-88,0,-87,0,-86,0,-85,0,-84,0,-83,0,-82,0,-81,0,-80,0,-79,0,-78,0,-77,0,-76,0,-75,0,-74,0,-73,0,-72,0,-71,0,-70,0,-69,0,-68,0,-67,0,-66,0,-65,0,-64,0,-63,0,-62,0,-61,0,-60,0,-59,0,-58,0,-57,0,-56,0,-55,0,-54,0,-53,2.3537e-14,-52,1.5014e-06,-51,0.035819,-50,0.82139,-49,0.14275,-48,4.1235e-05,-47,5.0052e-12,-46,1.9142e-22,-45,2.1212e-36,-44,6.5802e-54,-43,5.6165e-75,-42,1.3061e-99,-41,8.2235e-128,-40,1.3963e-159,-39,6.3744e-195,-38,7.8087e-234,-37,2.5628e-276,-36,2.2727e-322,-35,0,-34,0,-33,0,-32,0,-31,0,-30,0
4,0,0,0,11,-90,0,-89,0,-88,0,-87,0,-86,0,-85,0,-84,0,-83,0,-82,0,-81,0,-80,0,-79,0,-78,0,-77,0,-76,0,-75,0,-74,0,-73,0,-72,0,-71,0,-70,0,-69,0,-68,0,-67,0,-66,0,-65,0,-64,0,-63,0,-62,0,-61,0,-60,0,-59,0,-58,2.6645e-15,-57,1,-56,4.1954e-14,-55,7.6909e-115,-54,9.264e-317,-53,0,-52,0,-51,0,-50,0,-49,0,-48,0,-47,0,-46,0,-45,0,-44,0,-43,0,-42,0,-41,0,-40,0,-39,0,-38,0,-37,0,-36,0,-35,0,-34,0,-33,0,-32,0,-31,0,-30,0
4,0.5,0,0,1,-90,0,-89,0,-88,0,-87,0,-86,0,-85,0,-84,0,-83,0,-82,0,-81,0,-80,0,-79,0,-78,0,-77,0,-76,0,-75,0,-74,0,-73,0,-72,1.4277e-13,-71,7.7014e-10,-70,8.7978e-07,-69,0.00021646,-68,0.011784,-67,0.1476,-66,0.44485,-65,0.33202,-64,0.060857,-63,0.002635,-62,2.5786e-05,-61,5.5127e-08,-60,2.5178e-11,-59,2.4227e-15,-58,4.8682e-20,-57,2.0311e-25,-56,1.7526e-31,-55,3.1187e-38,-54,1.1422e-45,-53,8.5963e-54,-52,1.3279e-62,-51,4.2059e-72,-50,2.7297e-82,-49,3.6279e-93,-48,9.8683e-105,-47,5.4918e-117,-46,6.2504e-130,-45,1.4544e-143,-44,6.9178e-158,-43,6.7239e-173,-42,1.3353e-188,-41,5.4171e-205,-40,4.4886e-222,-39,7.5957e-240,-38,2.6247e-258,-37,1.8518e-277,-36,2.6675e-297,-35,7.8438e-318,-34,0,-33,0,-32,0,-31,0,-30,0
4,0.5,0,0,2,-90,0,-89,0,-88,0,-87,0,-86,0,-85,0,-84,0,-83,0,-82,0,-81,0,-80,0,-79,0,-78,0,-77,0,-76,0,-75,0,-74,0,-73,0,-72,0,-71,0,-70,0,-69,0,-68,0,-67,0,-66,0,-65,0,-64,0,-63,0,-62,0,-61,0,-60,2.3225e-07,-59,0.072382,-58,0.91078,-57,0.016841,-56,5.7827e-09,-55,7.8491e-21,-54,3.3072e-38,-53,4.0274e-61,-52,1.3755e-89,-51,1.2972e-123,-50,3.348e-163,-49,2.3516e-208,-48,4.4776e-259,-47,2.3051e-315,-46,0,-45,0,-44,0,-43,0,-42,0,-41,0,-40,0,-39,0,-38,0,-37,0,-36,0,-35,0,-34,0,-33,0,-32,0,-31,0,-30,0
4,0.5,0,0,3,-90,0,-89,0,-88,0,-87,0,-86,0,-85,0,-84,0,-83,0,-82,0,-81,0,-80,0,-79,0,-78,0,-77,0,-76,0,-75,0,-74,0,-73,0,-72,0,-71,0,-70,0,-69,0,-68,0,-67,1.1102e-16,-66,3.9968e-15,-65,1.3789e-13,-64,3.8723e-12,-63,8.7918e-11,-62,1.6139e-09,-61,2.3955e-08,-60,2.8757e-07,-59,2.7921e-06,-58,2.193e-05,-57,0.00013935,-56,0.00071646,-55,0.0029809,-54,0.010037,-53,0.027353,-52,0.060336,-51,0.10774,-50,0.15573,-49,0.18223,-48,0.17263,-47,0.13239,-46,0.082192,-45,0.041306,-44,0.016803,-43,0.0055327,-42,0.0014744,-41,0.00031795,-40,5.5481e-05,-39,7.833e-06,-38,8.9464e-07,-37,8.2652e-08,-36,6.1757e-09,-35,3.7316e-10,-34,1.8231e-11,-33,7.201e-13,-32,2.2992e-14,-31,5.9335e-16,-30,1.2375e-17
4,0.5,0,0,4,-90,0,-89,0,-88,0,-87,0,-86,0,-85,0,-84,0,-83,0,-82,0,-81,0,-80,0,-79,0,-78,0,-77,0,-76,0,-75,0,-74,0,-73,0,-72,0,-71,0,-70,0,-69,8.4474e-07,-68,0.45543,-67,0.54457,-66,2.5156e-06,-65,1.2449e-20,-64,2.5907e-44,-63,1.9425e-77,-62,4.9842e-120,-61,4.275e-172,-60,1.2104e-233,-59,1.1228e-304,-58,0,-57,0,-56,0,-55,0,-54,0,-53,0,-52,0,-51,0,-50,0,-49,0,-48,0,-47,0,-46,0,-45,0,-44,0,-43,0,-42,0,-41,0,-40,0,-39,0,-38,0,-37,0,-36,0,-35,0,-34,0,-33,0,-32,0,-31,0,-30,0
4,0.5,0,0,5,-90,0,-89,0,-88,0,-87,0,-86,0,-85,0,-84,0,-83,0,-82,0,-81,0,-80,0,-79,0,-78,0,-77,0,-76,0,-75,0,-74,0,-73,0.98022,-72,0.019775,-71,0,-70,0,-69,0,-68,0,-67,0,-66,0,-65,0,-64,0,-63,0,-62,0,-61,0,-60,0,-59,0,-58,0,-57,0,-56,0,-55,0,-54,0,-53,0,-52,0,-51,0,-50,0,-49,0,-48,0,-47,0,-46,0,-45,0,-44,0,-43,0,-42,0,-41,0,-40,0,-39,0,-38,0,-37,0,-36,0,-35,0,-34,0,-33,0,-32,0,-31,0,-30,0
4,0.5,0,0,6,-90,0,-89,0,-88,0,-87,0,-86,0,-85,0,-84,0,-83,0,-82,0,-81,0,-80,0,-79,0,-78,0,-77,0,-76,0,-75,1,-74,2.5103e-17,-73,2.2839e-304,-72,0,-71,0,-70,0,-69,0,-68,0,-67,0,-66,0,-65,0,-64,0,-63,0,-62,0,-61,0,-60,0,-59,0,-58,0,-57,0,-56,0,-55,0,-54,0,-53,0,-52,0,-51,0,-50,0,-49,0,-48,0,-47,0,-46,0,-45,0,-44,0,-43,0,-42,0,-41,0,-40,0,-39,0,-38,0,-37,0,-36,0,-35,0,-34,0,-33,0,-32,0,-31,0,-30,0
4,0.5,0,0,7,-90,0,-89,0,-88,0,-87,0,-86,0,-85,0,-84,0,-83,0,-82,5.1514e-14,-81,2.3386e-09,-80,9.3661e-06,-79,0.0034513,-78,0.12752,-77,0.5452,-76,0.30294,-75,0.020731,-74,0.00015024,-73,1.0317e-07,-72,6.3351e-12,-71,3.3792e-17,-70,1.5411e-23,-69,5.9538e-31,-68,1.9367e-39,-67,5.2836e-49,-66,1.2055e-59,-65,2.2953e-71,-64,3.6419e-84,-63,4.8094e-98,-62,5.2811e-113,-61,4.8183e-129,-60,3.6505e-146,-59,2.2954e-164,-58,1.1975e-183,-57,5.1806e-204,-56,1.8582e-225,-55,5.5247e-248,-54,1.3612e-271,-53,2.7785e-296,-52,4.6936e-322,-51,0,-50,0,-49,0,-48,0,-47,0,-46,0,-45,0,-44,0,-43,0,-42,0,-41,0,-40,0,-39,0,-38,0,-37,0,-36,0,-35,0,-34,0,-33,0,-32,0,-31,0,-30,0
4,0.5,0,0,8,-90,0,-89,0,-88,0,-87,0,-86,0,-85,0,-84,0,-83,0,-82,0,-81,0,-80,0,-79,0,-78,0,-77,0,-76,0,-75,0,-74,0,-73,0,-72,0,-71,0,-70,0,-69,0,-68,0,-67,0,-66,0,-65,0,-64,0,-63,0,-62,0,-61,0.99853,-60,0.0014663,-59,2.2526e-275,-58,0,-57,0,-56,0,-55,0,-54,0,-53,0,-52,0,-51,0,-50,0,-49,0,-48,0,-47,0,-46,0,-45,0,-44,0,-43,0,-42,0,-41,0,-40,0,-39,0,-38,0,-37,0,-36,0,-35,0,-34,0,-33,0,-32,0,-31,0,-30,0
4,0.5,0,0,9,-90,0,-89,0,-88,0,-87,0,-86,0,-85,0,-84,0,-83,0,-82,0,-81,0,-80,0,-79,0,-78,0,-77,0,-76,0,-75,0,-74,0,-73,0,-72,0,-71,0,-70,0,-69,0,-68,0,-67,0,-66,0,-65,1.2212e-15,-64,1.129e-07,-63,0.0074096,-62,0.61172,-61,0.3797,-60,0.0011705,-59,3.6659e-09,-58,7.7661e-18,-57,9.9827e-30,-56,7.4661e-45,-55,3.1838e-63,-54,7.6542e-85,-53,1.0303e-109,-52,7.7295e-138,-51,3.222e-169,-50,7.4456e-204,-49,9.5225e-242,-48,6.7317e-283,-47,0,-46,0,-45,0,-44,0,-43,0,-42,0,-41,0,-40,0,-39,0,-38,0,-37,0,-36,0,-35,0,-34,0,-33,0,-32,0,-31,0,-30,0
4,0.5,0,0,10,-90,0,-89,0,-88,0,-87,0,-86,0,-85,0,-84,0,-83,0,-82,0,-81,0,-80,0,-79,0,-78,0,-77,0,-76,0,-75,0,-74,0,-73,0,-72,0,-71,0,-70,0,-69,0,-68,0,-67,0,-66,0,-65,0,-64,0,-63,0,-62,0,-61,0,-60,0,-59,0,-58,0,-57,0,-56,0,-55,0,-54,1.1802e-08,-53,0.01783,-52,0.89864,-51,0.08353,-50,5.7464e-07,-49,3.5107e-17,-48,1.3795e-32,-47,3.1966e-53,-46,4.2182e-79,-45,3.1152e-110,-44,1.2749e-146,-43,2.8735e-188,-42,3.5524e-235,-41,2.4019e-287,-40,0,-39,0,-38,0,-37,0,-36,0,-35,0,-34,0,-33,0,-32,0,-31,0,-30,0
4,0.5,0,0,11,-90,0,-89,0,-88,0,-87,0,-86,0,-85,0,-84,0,-83,0,-82,0,-81,0,-80,0,-79,0,-78,0,-77,0,-76,0,-75,0,-74,0,-73,0,-72,0,-71,0,-70,0,-69,0,-68,0,-67,0,-66,0,-65,0,-64,0,-63,1.7475e-13,-62,3.4001e-08,-61,0.00021658,-60,0.050125,-59,0.54289,-58,0.38948,-57,0.017256,-56,3.2941e-05,-55,2.2044e-09,-54,4.7608e-15,-53,3.2002e-22,-52,6.5727e-31,-51,4.0811e-41,-50,7.6109e-53,-49,4.2443e-66,-48,7.0563e-81,-47,3.4898e-97,-46,5.1256e-115,-45,2.233e-134,-44,2.8826e-155,-43,1.1018e-177,-42,1.2462e-201,-41,4.1685e-227,-40,4.122e-254,-39,1.2045e-282,-38,1.0398e-312,-37,0,-36,0,-35,0,-34,0,-33,0,-32,0,-31,0,-30,0
4,1,0,0,1,-90,0,-89,0,-88,0,-87,0,-86,0,-85,0,-84,0,-83,0,-82,0,-81,0,-80,0,-79,0,-78,0,-77,0,-76,0,-75,0,-74,0,-73,0,-72,0,-71,0,-70,0,-69,0.00020003,-68,0.98405,-67,0.015749,-66,2.2265e-15,-65,5.0463e-42,-64,1.1887e-82,-63,2.6411e-137,-62,5.3342e-206,-61,9.617e-289,-60,0,-59,0,-58,0,-57,0,-56,0,-55,0,-54,0,-53,0,-52,0,-51,0,-50,0,-49,0,-48,0,-47,0,-46,0,-45,0,-44,0,-43,0,-42,0,-41,0,-40,0,-39,0,-38,0,-37,0,-36,0,-35,0,-34,0,-33,0,-32,0,-31,0,-30,0
4,1,0,0,2,-90,0,-89,0,-88,0,-87,0,-86,0,-85,0,-84,0,-83,0,-82,0,-81,0,-80,0,-79,0,-78,0,-77,0,-76,0,-75,0,-74,0,-73,0,-72,0,-71,0,-70,0,-69,0,-68,0,-67,0,-66,0,-65,0,-64,0,-63,0,-62,0,-61,4.5138e-06,-60,0.87996,-59,0.12004,-58,5.6529e-12,-57,1.261e-35,-56,7.1817e-73,-55,9.2764e-124,-54,2.6042e-188,-53,1.5572e-266,-52,0,-51,0,-50,0,-49,0,-48,0,-47,0,-46,0,-45,0,-44,0,-43,0,-42,0,-41,0,-40,0,-39,0,-38,0,-37,0,-36,0,-35,0,-34,0,-33,0,-32,0,-31,0,-30,0
4,1,0,0,3,-90,0,-89,0,-88,0,-87,0,-86,0,-85,0,-84,0,-83,0,-82,0,-81,0,-80,0,-79,0,-78,0,-77,0,-76,0,-75,0,-74,0,-73,0,-72,0,-71,0,-70,0,-69,0,-68,0,-67,0,-66,0,-65,0,-64,0,-63,0,-62,0,-61,0,-60,0,-59,0,-58,0,-57,0,-56,0,-55,0,-54,0,-53,0,-52,0,-51,0,-50,0,-49,0,-48,0,-47,2.1875e-06,-46,0.75508,-45,0.24492,-44,1.1584e-09,-43,1.0674e-29,-42,9.3749e-62,-41,6.8969e-106,-40,4.061e-162,-39,1.8737e-230,-38,6.6962e-311,-37,0,-36,0,-35,0,-34,0,-33,0,-32,0,-31,0,-30,0
4,1,0,0,4,-90,0,-89,0,-88,0,-87,0,-86,0,-85,0,-84,0,-83,0,-82,0,-81,0,-80,0,-79,0,-78,0,-77,0,-76,0,-75,0,-74,0,-73,0,-72,0,-71,0,-70,0,-69,0,-68,0,-67,0.00098482,-66,0.99897,-65,4.1516e-05,-64,2.7926e-28,-63,1.0476e-72,-62,1.5849e-138,-61,8.9203e-226,-60,0,-59,0,-58,0,-57,0,-56,0,-55,0,-54,0,-53,0,-52,0,-51,0,-50,0,-49,0,-48,0,-47,0,-46,0,-45,0,-44,0,-43,0,-42,0,-41,0,-40,0,-39,0,-38,0,-37,0,-36,0,-35,0,-34,0,-33,0,-32,0,-31,0,-30,0
4,1,0,0,5,-90,0,-89,0,-88,0,-87,0,-86,0,-85,0,-84,0,-83,0,-82,0,-81,0,-80,0,-79,0,-78,0,-77,0,-76,0,-75,0,-74,0,-73,6.7157e-13,-72,0.99303,-71,0.00697,-70,1.6242e-33,-69,2.3243e-103,-68,1.0425e-212,-67,0,-66,0,-65,0,-64,0,-63,0,-62,0,-61,0,-60,0,-59,0,-58,0,-57,0,-56,0,-55,0,-54,0,-53,0,-52,0,-51,0,-50,0,-49,0,-48,0,-47,0,-46,0,-45,0,-44,0,-43,0,-42,0,-41,0,-40,0,-39,0,-38,0,-37,0,-36,0,-35,0,-34,0,-33,0,-32,0,-31,0,-30,0
4,1,0,0,6,-90,0,-89,0,-88,0,-87,0,-86,0,-85,0,-84,0,-83,0,-82,0,-81,0,-80,0,-79,0,-78,0,-77,0,-76,0,-75,1,-74,0,-73,0,-72,0,-71,0,-70,0,-69,0,-68,0,-67,0,-66,0,-65,0,-64,0,-63,0,-62,0,-61,0,-60,0,-59,0,-58,0,-57,0,-56,0,-55,0,-54,0,-53,0,-52,0,-51,0,-50,0,-49,0,-48,0,-47,0,-46,0,-45,0,-44,0,-43,0,-42,0,-41,0,-40,0,-39,0,-38,0,-37,0,-36,0,-35,0,-34,0,-33,0,-32,0,-31,0,-30,0
4,1,0,0,7,-90,0,-89,0,-88,0,-87,0,-86,0,-85,0,-84,0,-83,0,-82,0,-81,0,-80,0,-79,0.32589,-78,0.67411,-77,1.7455e-72,-76,3.4653e-290,-75,0,-74,0,-73,0,-72,0,-71,0,-70,0,-69,0,-68,0,-67,0,-66,0,-65,0,-64,0,-63,0,-62,0,-61,0,-60,0,-59,0,-58,0,-57,0,-56,0,-55,0,-54,0,-53,0,-52,0,-51,0,-50,0,-49,0,-48,0,-47,0,-46,0,-45,0,-44,0,-43,0,-42,0,-41,0,-40,0,-39,0,-38,0,-37,0,-36,0,-35,0,-34,0,-33,0,-32,0,-31,0,-30,0
4,1,0,0,8,-90,0,-89,0,-88,0,-87,0,-86,0,-85,0,-84,0,-83,0,-82,0,-81,0,-80,0,-79,0,-78,0,-77,0,-76,0,-75,0,-74,0,-73,0,-72,0,-71,0,-70,0,-69,0,-68,0,-67,0,-66,0,-65,0,-64,0,-63,0,-62,0,-61,0,-60,1,-59,0,-58,0,-57,0,-56,0,-55,0,-54,0,-53,0,-52,0,-51,0,-50,0,-49,0,-48,0,-47,0,-46,0,-45,0,-44,0,-43,0,-42,0,-41,0,-40,0,-39,0,-38,0,-37,0,-36,0,-35,0,-34,0,-33,0,-32,0,-31,0,-30,0
4,1,0,0,9,-90,0,-89,0,-88,0,-87,0,-86,0,-85,0,-84,0,-83,0,-82,0,-81,0,-80,0,-79,0,-78,0,-77,0,-76,0,-75,0,-74,0,-73,0,-72,0,-71,0,-70,0,-69,0,-68,0,-67,0,-66,0,-65,0,-64,0,-63,1,-62,1.6561e-19,-61,2.6089e-178,-60,0,-59,0,-58,0,-57,0,-56,0,-55,0,-54,0,-53,0,-52,0,-51,0,-50,0,-49,0,-48,0,-47,0,-46,0,-45,0,-44,0,-43,0,-42,0,-41,0,-40,0,-39,0,-38,0,-37,0,-36,0,-35,0,-34,0,-33,0,-32,0,-31,0,-30,0
4,1,0,0,10,-90,0,-89,0,-88,0,-87,0,-86,0,-85,0,-84,0,-83,0,-82,0,-81,0,-80,0,-79,0,-78,0,-77,0,-76,0,-75,0,-74,0,-73,0,-72,0,-71,0,-70,0,-69,0,-68,0,-67,0,-66,0,-65,0,-64,0,-63,0,-62,0,-61,0,-60,0,-59,0,-58,0,-57,0,-56,0,-55,0,-54,0,-53,1,-52,0,-51,0,-50,0,-49,0,-48,0,-47,0,-46,0,-45,0,-44,0,-43,0,-42,0,-41,0,-40,0,-39,0,-38,0,-37,0,-36,0,-35,0,-34,0,-33,0,-32,0,-31,0,-30,0
4,1,0,0,11,-90,0,-89,0,-88,0,-87,0,-86,0,-85,0,-84,0,-83,0,-82,0,-81,0,-80,0,-79,0,-78,0,-77,0,-76,0,-75,0,-74,0,-73,0,-72,0,-71,0,-70,0,-69,0,-68,5.4401e-15,-67,5.3546e-11,-66,1.0893e-07,-65,4.6022e-05,-64,0.0041379,-63,0.082161,-62,0.37765,-61,0.41757,-60,0.11141,-59,0.0069265,-58,9.5704e-05,-57,2.8265e-07,-56,1.7387e-10,-55,2.1918e-14,-54,5.6061e-19,-53,2.8903e-24,-52,2.9905e-30,-51,6.1907e-37,-50,2.5583e-44,-49,2.1069e-52,-48,3.4537e-61,-47,1.1257e-70,-46,7.2893e-81,-45,9.3721e-92,-44,2.3912e-103,-43,1.2102e-115,-42,1.2144e-128,-41,2.4157e-142,-40,9.5221e-157,-39,7.4364e-172,-38,1.1504e-187,-37,3.5244e-204,-36,2.1381e-221,-35,2.5682e-239,-34,6.1066e-258,-33,2.8743e-277,-32,2.6776e-297,-31,4.9368e-318,-30,0
4,1.5,0,0,1,-90,0,-89,0,-88,0,-87,0,-86,0,-85,0,-84,0,-83,0,-82,0,-81,0,-80,0,-79,0,-78,0,-77,0,-76,0,-75,0,-74,0,-73,0,-72,0,-71,0,-70,0,-69,1,-68,6.2992e-30,-67,0,-66,0,-65,0,-64,0,-63,0,-62,0,-61,0,-60,0,-59,0,-58,0,-57,0,-56,0,-55,0,-54,0,-53,0,-52,0,-51,0,-50,0,-49,0,-48,0,-47,0,-46,0,-45,0,-44,0,-43,0,-42,0,-41,0,-40,0,-39,0,-38,0,-37,0,-36,0,-35,0,-34,0,-33,0,-32,0,-31,0,-30,0
4,1.5,0,0,2,-90,0,-89,0,-88,0,-87,0,-86,0,-85,0,-84,0,-83,0,-82,0,-81,0,-80,0,-79,0,-78,0,-77,0,-76,0,-75,0,-74,0,-73,0,-72,0,-71,0,-70,0,-69,0,-68,0,-67,0,-66,0,-65,0,-64,0,-63,0,-62,2.7521e-05,-61,0.99996,-60,7.9219e-06,-59,4.5422e-37,-58,2.3374e-98,-57,7.5063e-190,-56,1.3814e-311,-55,0,-54,0,-53,0,-52,0,-51,0,-50,0,-49,0,-48,0,-47,0,-46,0,-45,0,-44,0,-43,0,-42,0,-41,0,-40,0,-39,0,-38,0,-37,0,-36,0,-35,0,-34,0,-33,0,-32,0,-31,0,-30,0
4,1.5,0,0,3,-90,0,-89,0,-88,0,-87,0,-86,0,-85,0,-84,0,-83,0,-82,0,-81,0,-80,0,-79,0,-78,0,-77,0,-76,0,-75,0,-74,0,-73,0,-72,0,-71,0,-70,0,-69,0,-68,0,-67,0,-66,0,-65,0,-64,0,-63,0,-62,0,-61,0,-60,0,-59,0,-58,0,-57,0,-56,0,-55,0,-54,0,-53,0,-52,0,-51,0,-50,0,-49,0,-48,0,-47,0,-46,0.16958,-45,0.83042,-44,1.3129e-35,-43,1.4143e-146,-42,0,-41,0,-40,0,-39,0,-38,0,-37,0,-36,0,-35,0,-34,0,-33,0,-32,0,-31,0,-30,0
4,1.5,0,0,4,-90,0,-89,0,-88,0,-87,0,-86,0,-85,0,-84,0,-83,0,-82,0,-81,0,-80,0,-79,0,-78,0,-77,0,-76,0,-75,0,-74,0,-73,0,-72,0,-71,0,-70,0,-69,0,-68,0,-67,0,-66,2.7424e-08,-65,0.99503,-64,0.0049678,-63,1.641e-26,-62,1.4949e-77,-61,2.1715e-156,-60,4.5211e-263,-59,0,-58,0,-57,0,-56,0,-55,0,-54,0,-53,0,-52,0,-51,0,-50,0,-49,0,-48,0,-47,0,-46,0,-45,0,-44,0,-43,0,-42,0,-41,0,-40,0,-39,0,-38,0,-37,0,-36,0,-35,0,-34,0,-33,0,-32,0,-31,0,-30,0
4,1.5,0,0,5,-90,0,-89,0,-88,0,-87,0,-86,0,-85,0,-84,0,-83,0,-82,0,-81,0,-80,0,-79,0,-78,0,-77,0,-76,0,-75,0,-74,0,-73,0,-72,1.2571e-10,-71,0.50555,-70,0.49445,-69,1.0493e-10,-68,3.1929e-37,-67,4.4583e-81,-66,2.44e-142,-65,4.9709e-221,-64,3.6829e-317,-63,0,-62,0,-61,0,-60,0,-59,0,-58,0,-57,0,-56,0,-55,0,-54,0,-53,0,-52,0,-51,0,-50,0,-49,0,-48,0,-47,0,-46,0,-45,0,-44,0,-43,0,-42,0,-41,0,-40,0,-39,0,-38,0,-37,0,-36,0,-35,0,-34,0,-33,0,-32,0,-31,0,-30,0
4,1.5,0,0,6,-90,0,-89,0,-88,0,-87,0,-86,0,-85,0,-84,0,-83,0,-82,0,-81,0,-80,0,-79,0,-78,0,-77,0,-76,0,-75,0.0012017,-74,0.9988,-73,1.989e-84,-72,0,-71,0,-70,0,-69,0,-68,0,-67,0,-66,0,-65,0,-64,0,-63,0,-62,0,-61,0,-60,0,-59,0,-58,0,-57,0,-56,0,-55,0,-54,0,-53,0,-52,0,-51,0,-50,0,-49,0,-48,0,-47,0,-46,0,-45,0,-44,0,-43,0,-42,0,-41,0,-40,0,-39,0,-38,0,-37,0,-36,0,-35,0,-34,0,-33,0,-32,0,-31,0,-30,0
4,1.5,0,0,7,-90,0,-89,0,-88,0,-87,0,-86,0,-85,0,-84,0,-83,0,-82,0,-81,0,-80,0,-79,0.98451,-78,0.015491,-77,0,-76,0,-75,0,-74,0,-73,0,-72,0,-71,0,-70,0,-69,0,-68,0,-67,0,-66,0,-65,0,-64,0,-63,0,-62,0,-61,0,-60,0,-59,0,-58,0,-57,0,-56,0,-55,0,-54,0,-53,0,-52,0,-51,0,-50,0,-49,0,-48,0,-47,0,-46,0,-45,0,-44,0,-43,0,-42,0,-41,0,-40,0,-39,0,-38,0,-37,0,-36,0,-35,0,-34,0,-33,0,-32,0,-31,0,-30,0
4,1.5,0,0,8,-90,0,-89,0,-88,0,-87,0,-86,0,-85,0,-84,0,-83,0,-82,0,-81,0,-80,0,-79,0,-78,0,-77,0,-76,0,-75,0,-74,0,-73,0,-72,0,-71,0,-70,0,-69,0,-68,0,-67,0,-66,0,-65,0,-64,0,-63,0,-62,0,-61,0,-60,1,-59,0,-58,0,-57,0,-56,0,-55,0,-54,0,-53,0,-52,0,-51,0,-50,0,-49,0,-48,0,-47,0,-46,0,-45,0,-44,0,-43,0,-42,0,-41,0,-40,0,-39,0,-38,0,-37,0,-36,0,-35,0,-34,0,-33,0,-32,0,-31,0,-30,0
4,1.5,0,0,9,-90,0,-89,0,-88,0,-87,0,-86,0,-85,0,-84,0,-83,0,-82,0,-81,0,-80,0,-79,0,-78,0,-77,0,-76,0,-75,0,-74,0,-73,0,-72,0,-71,0,-70,0,-69,0,-68,0,-67,0,-66,0,-65,0,-64,0,-63,1,-62,0,-61,0,-60,0,-59,0,-58,0,-57,0,-56,0,-55,0,-54,0,-53,0,-52,0,-51,0,-50,0,-49,0,-48,0,-47,0,-46,0,-45,0,-44,0,-43,0,-42,0,-41,0,-40,0,-39,0,-38,0,-37,0,-36,0,-35,0,-34,0,-33,0,-32,0,-31,0,-30,0
4,1.5,0,0,10,-90,0,-89,0,-88,0,-87,0,-86,0,-85,0,-84,0,-83,0,-82,0,-81,0,-80,0,-79,0,-78,0,-77,0,-76,0,-75,0,-74,0,-73,0,-72,0,-71,0,-70,0,-69,0,-68,0,-67,0,-66,0,-65,0,-64,0,-63,0,-62,0,-61,0,-60,0,-59,0,-58,0,-57,0,-56,0,-55,0,-54,0,-53,1,-52,2.3059e-08,-51,0,-50,0,-49,0,-48,0,-47,0,-46,0,-45,0,-44,0,-43,0,-42,0,-41,0,-40,0,-39,0,-38,0,-37,0,-36,0,-35,0,-34,0,-33,0,-32,0,-31,0,-30,0
4,1.5,0,0,11,-90,0,-89,0,-88,0,-87,0,-86,0,-85,0,-84,0,-83,0,-82,0,-81,0,-80,0,-79,0,-78,0,-77,0,-76,0,-75,0,-74,0,-73,0,-72,1.1102e-16,-71,8.9317e-13,-70,2.2298e-09,-69,1.4181e-06,-68,0.00023302,-67,0.010104,-66,0.11895,-65,0.39238,-64,0.37055,-63,0.10007,-62,0.0075517,-61,0.00015429,-60,8.2989e-07,-59,1.1516e-09,-58,4.0669e-13,-57,3.6227e-17,-56,8.0911e-22,-55,4.5125e-27,-54,6.2659e-33,-53,2.1617e-39,-52,1.8499e-46,-51,3.922e-54,-50,2.058e-62,-49,2.6709e-71,-48,8.567e-81,-47,6.7883e-91,-46,1.3282e-101,-45,6.4144e-113,-44,7.6443e-125,-43,2.2474e-137,-42,1.6296e-150,-41,2.9138e-164,-40,1.2845e-178,-39,1.3959e-193,-38,3.739e-209,-37,2.4682e-225,-36,4.015e-242,-35,1.6093e-259,-34,1.5892e-277,-33,3.8663e-296,-32,2.3172e-315,-31,0,-30,0
4,2,0,0,1,-90,0,-89,0,-88,0,-87,0,-86,0,-85,0,-84,0,-83,0,-82,0,-81,0,-80,0,-79,0,-78,0,-77,0,-76,0,-75,0,-74,0,-73,0,-72,0,-71,0,-70,0,-69,1,-68,0,-67,0,-66,0,-65,0,-64,0,-63,0,-62,0,-61,0,-60,0,-59,0,-58,0,-57,0,-56,0,-55,0,-54,0,-53,0,-52,0,-51,0,-50,0,-49,0,-48,0,-47,0,-46,0,-45,0,-44,0,-43,0,-42,0,-41,0,-40,0,-39,0,-38,0,-37,0,-36,0,-35,0,-34,0,-33,0,-32,0,-31,0,-30,0
4,2,0,0,2,-90,0,-89,0,-88,0,-87,0,-86,0,-85,0,-84,0,-83,0,-82,0,-81,0,-80,0,-79,0,-78,0,-77,0,-76,0,-75,0,-74,0,-73,0,-72,0,-71,0,-70,0,-69,0,-68,0,-67,0,-66,0,-65,0,-64,0,-63,6.5175e-08,-62,1,-61,4.694e-14,-60,7.8227e-91,-59,9.4985e-238,-58,0,-57,0,-56,0,-55,0,-54,0,-53,0,-52,0,-51,0,-50,0,-49,0,-48,0,-47,0,-46,0,-45,0,-44,0,-43,0,-42,0,-41,0,-40,0,-39,0,-38,0,-37,0,-36,0,-35,0,-34,0,-33,0,-32,0,-31,0,-30,0
4,2,0,0,3,-90,0,-89,0,-88,0,-87,0,-86,0,-85,0,-84,0,-83,0,-82,0,-81,0,-80,0,-79,0,-78,0,-77,0,-76,0,-75,0,-74,0,-73,0,-72,0,-71,0,-70,0,-69,0,-68,0,-67,0,-66,0,-65,0,-64,0,-63,0,-62,0,-61,0,-60,0,-59,0,-58,0,-57,0,-56,0,-55,0,-54,0,-53,0,-52,0,-51,1.9518e-13,-50,1.5125e-07,-49,0.0014184,-48,0.19685,-47,0.70307,-46,0.098359,-45,0.00030601,-44,1.324e-08,-43,6.7888e-15,-42,3.8886e-23,-41,2.4219e-33,-40,1.6167e-45,-39,1.1469e-59,-38,8.5987e-76,-37,6.7888e-94,-36,5.6292e-114,-35,4.8929e-136,-34,4.4517e-160,-33,4.2349e-186,-32,4.2084e-214,-31,4.3657e-244,-30,4.7251e-276
4,2,0,0,4,-90,0,-89,0,-88,0,-87,0,-86,0,-85,0,-84,0,-83,0,-82,0,-81,0,-80,0,-79,0,-78,0,-77,0,-76,0,-75,0,-74,0,-73,0,-72,0,-71,0,-70,0,-69,0,-68,0,-67,0,-66,0,-65,2.5153e-12,-64,0.80007,-63,0.19993,-62,4.4061e-18,-61,2.7777e-60,-60,1.9446e-128,-59,1.315e-222,-58,0,-57,0,-56,0,-55,0,-54,0,-53,0,-52,0,-51,0,-50,0,-49,0,-48,0,-47,0,-46,0,-45,0,-44,0,-43,0,-42,0,-41,0,-40,0,-39,0,-38,0,-37,0,-36,0,-35,0,-34,0,-33,0,-32,0,-31,0,-30,0
4,2,0,0,5,-90,0,-89,0,-88,0,-87,0,-86,0,-85,0,-84,0,-83,0,-82,0,-81,0,-80,0,-79,0,-78,0,-77,0,-76,0,-75,0,-74,0,-73,0,-72,0,-71,0,-70,0.009354,-69,0.99064,-68,8.6772e-06,-67,3.5409e-28,-66,1.4186e-69,-65,4.2396e-130,-64,8.7843e-210,-63,1.2242e-308,-62,0,-61,0,-60,0,-59,0,-58,0,-57,0,-56,0,-55,0,-54,0,-53,0,-52,0,-51,0,-50,0,-49,0,-48,0,-47,0,-46,0,-45,0,-44,0,-43,0,-42,0,-41,0,-40,0,-39,0,-38,0,-37,0,-36,0,-35,0,-34,0,-33,0,-32,0,-31,0,-30,0
4,2,0,0,6,-90,0,-89,0,-88,0,-87,0,-86,0,-85,0,-84,0,-83,0,-82,0,-81,0,-80,0,-79,0,-78,0,-77,0,-76,0,-75,0,-74,0.86958,-73,0.13042,-72,2.3805e-66,-71,4.1445e-242,-70,0,-69,0,-68,0,-67,0,-66,0,-65,0,-64,0,-63,0,-62,0,-61,0,-60,0,-59,0,-58,0,-57,0,-56,0,-55,0,-54,0,-53,0,-52,0,-51,0,-50,0,-49,0,-48,0,-47,0,-46,0,-45,0,-44,0,-43,0,-42,0,-41,0,-40,0,-39,0,-38,0,-37,0,-36,0,-35,0,-34,0,-33,0,-32,0,-31,0,-30,0
4,2,0,0,7,-90,0,-89,0,-88,0,-87,0,-86,0,-85,0,-84,0,-83,0,-82,0,-81,0,-80,0,-79,5.8432e-09,-78,0.69218,-77,0.30782,-76,9.8447e-12,-75,1.8623e-38,-74,8.4657e-82,-73,8.0289e-142,-72,1.5143e-218,-71,5.5554e-312,-70,0,-69,0,-68,0,-67,0,-66,0,-65,0,-64,0,-63,0,-62,0,-61,0,-60,0,-59,0,-58,0,-57,0,-56,0,-55,0,-54,0,-53,0,-52,0,-51,0,-50,0,-49,0,-48,0,-47,0,-46,0,-45,0,-44,0,-43,0,-42,0,-41,0,-40,0,-39,0,-38,0,-37,0,-36,0,-35,0,-34,0,-33,0,-32,0,-31,0,-30,0
4,2,0,0,8,-90,0,-89,0,-88,0,-87,0,-86,0,-85,0,-84,0,-83,0,-82,0,-81,0,-80,0,-79,0,-78,0,-77,0,-76,0,-75,0,-74,0,-73,0,-72,0,-71,0,-70,0,-69,0,-68,0,-67,0,-66,0,-65,0,-64,0,-63,0,-62,0,-61,0,-60,1,-59,0,-58,0,-57,0,-56,0,-55,0,-54,0,-53,0,-52,0,-51,0,-50,0,-49,0,-48,0,-47,0,-46,0,-45,0,-44,0,-43,0,-42,0,-41,0,-40,0,-39,0,-38,0,-37,0,-36,0,-35,0,-34,0,-33,0,-32,0,-31,0,-30,0
4,2,0,0,9,-90,0,-89,0,-88,0,-87,0,-86,0,-85,0,-84,0,-83,0,-82,0,-81,0,-80,0,-79,0,-78,0,-77,0,-76,0,-75,0,-74,0,-73,0,-72,0,-71,0,-70,0,-69,0,-68,0,-67,0,-66,0,-65,0,-64,0,-63,1,-62,0,-61,0,-60,0,-59,0,-58,0,-57,0,-56,0,-55,0,-54,0,-53,0,-52,0,-51,0,-50,0,-49,0,-48,0,-47,0,-46,0,-45,0,-44,0,-43,0,-42,0,-41,0,-40,0,-39,0,-38,0,-37,0,-36,0,-35,0,-34,0,-33,0,-32,0,-31,0,-30,0
4,2,0,0,10,-90,0,-89,0,-88,0,-87,0,-86,0,-85,0,-84,0,-83,0,-82,0,-81,0,-80,0,-79,0,-78,0,-77,0,-76,0,-75,0,-74,0,-73,0,-72,0,-71,0,-70,0,-69,0,-68,0,-67,0,-66,0,-65,0,-64,0,-63,0,-62,0,-61,0,-60,0,-59,0,-58,0,-57,0,-56,0,-55,0,-54,0,-53,0,-52,1,-51,1.145e-23,-50,5.9483e-212,-49,0,-48,0,-47,0,-46,0,-45,0,-44,0,-43,0,-42,0,-41,0,-40,0,-39,0,-38,0,-37,0,-36,0,-35,0,-34,0,-33,0,-32,0,-31,0,-30,0
4,2,0,0,11,-90,0,-89,0,-88,0,-87,0,-86,0,-85,0,-84,0,-83,0,-82,0,-81,0,-80,0,-79,0,-78,0,-77,0,-76,0,-75,0,-74,8.8818e-16,-73,2.0292e-11,-72,7.5846e-08,-71,4.8226e-05,-70,0.0053767,-69,0.11042,-68,0.44592,-67,0.37232,-66,0.063785,-65,0.0021161,-64,1.2762e-05,-63,1.3382e-08,-62,2.3753e-12,-61,7.0253e-17,-60,3.4292e-22,-59,2.7456e-28,-58,3.5906e-35,-57,7.6476e-43,-56,2.6472e-51,-55,1.4868e-60,-54,1.3533e-70,-53,1.9942e-81,-52,4.7543e-93,-51,1.8325e-105,-50,1.1413e-118,-49,1.1482e-132,-48,1.8651e-147,-47,4.8904e-163,-46,2.0693e-179,-45,1.4126e-196,-44,1.5555e-214,-43,2.7625e-233,-42,7.9113e-253,-41,3.653e-273,-40,2.7192e-294,-39,3.2628e-316,-38,0,-37,0,-36,0,-35,0,-34,0,-33,0,-32,0,-31,0,-30,0
4,2.5,0,0,1,-90,0,-89,0,-88,0,-87,0,-86,0,-85,0,-84,0,-83,0,-82,0,-81,0,-80,0,-79,0,-78,0,-77,0,-76,0,-75,0,-74,0,-73,0,-72,0,-71,0,-70,0,-69,1,-68,0,-67,0,-66,0,-65,0,-64,0,-63,0,-62,0,-61,0,-60,0,-59,0,-58,0,-57,0,-56,0,-55,0,-54,0,-53,0,-52,0,-51,0,-50,0,-49,0,-48,0,-47,0,-46,0,-45,0,-44,0,-43,0,-42,0,-41,0,-40,0,-39,0,-38,0,-37,0,-36,0,-35,0,-34,0,-33,0,-32,0,-31,0,-30,0
4,2.5,0,0,2,-90,0,-89,0,-88,0,-87,0,-86,0,-85,0,-84,0,-83,0,-82,0,-81,0,-80,0,-79,0,-78,0,-77,0,-76,0,-75,0,-74,0,-73,0,-72,0,-71,0,-70,0,-69,0,-68,0,-67,0,-66,0,-65,0,-64,0,-63,1,-62,1.2224e-23,-61,3.7492e-255,-60,0,-59,0,-58,0,-57,0,-56,0,-55,0,-54,0,-53,0,-52,0,-51,0,-50,0,-49,0,-48,0,-47,0,-46,0,-45,0,-44,0,-43,0,-42,0,-41,0,-40,0,-39,0,-38,0,-37,0,-36,0,-35,0,-34,0,-33,0,-32,0,-31,0,-30,0
4,2.5,0,0,3,-90,0,-89,0,-88,0,-87,0,-86,0,-85,0,-84,0,-83,0,-82,0,-81,0,-80,0,-79,0,-78,0,-77,0,-76,0,-75,0,-74,0,-73,0,-72,0,-71,0,-70,0,-69,0,-68,0,-67,0,-66,0,-65,0,-64,0,-63,0,-62,0,-61,0,-60,0,-59,0,-58,0,-57,0,-56,2.2871e-14,-55,2.5391e-10,-54,5.0494e-07,-53,0.00018313,-52,0.012509,-51,0.16913,-50,0.48043,-49,0.29732,-48,0.039375,-47,0.0010552,-46,5.4137e-06,-45,5.1163e-09,-44,8.7016e-13,-43,2.6263e-17,-42,1.3945e-22,-41,1.2953e-28,-40,2.0967e-35,-39,5.8982e-43,-38,2.8778e-51,-37,2.4317e-60,-36,3.5542e-70,-35,8.9776e-81,-34,3.9161e-92,-33,2.9482e-104,-32,3.8287e-117,-31,8.5736e-131,-30,3.3093e-145
4,2.5,0,0,4,-90,0,-89,0,-88,0,-87,0,-86,0,-85,0,-84,0,-83,0,-82,0,-81,0,-80,0,-79,0,-78,0,-77,0,-76,0,-75,0,-74,0,-73,0,-72,0,-71,0,-70,0,-69,0,-68,0,-67,0,-66,0,-65,0,-64,1.1102e-16,-63,0.15225,-62,0.84775,-61,3.0914e-10,-60,3.0954e-41,-59,1.0979e-94,-58,1.1321e-170,-57,3.1972e-269,-56,0,-55,0,-54,0,-53,0,-52,0,-51,0,-50,0,-49,0,-48,0,-47,0,-46,0,-45,0,-44,0,-43,0,-42,0,-41,0,-40,0,-39,0,-38,0,-37,0,-36,0,-35,0,-34,0,-33,0,-32,0,-31,0,-30,0
4,2.5,0,0,5,-90,0,-89,0,-88,0,-87,0,-86,0,-85,0,-84,0,-83,0,-82,0,-81,0,-80,0,-79,0,-78,0,-77,0,-76,0,-75,0,-74,0,-73,0,-72,0,-71,0,-70,0,-69,4.3367e-08,-68,0.99989,-67,0.00010863,-66,1.5861e-37,-65,1.1798e-105,-64,2.8171e-209,-63,0,-62,0,-61,0,-60,0,-59,0,-58,0,-57,0,-56,0,-55,0,-54,0,-53,0,-52,0,-51,0,-50,0,-49,0,-48,0,-47,0,-46,0,-45,0,-44,0,-43,0,-42,0,-41,0,-40,0,-39,0,-38,0,-37,0,-36,0,-35,0,-34,0,-33,0,-32,0,-31,0,-30,0
4,2.5,0,0,6,-90,0,-89,0,-88,0,-87,0,-86,0,-85,0,-84,0,-83,0,-82,0,-81,0,-80,0,-79,0,-78,0,-77,0,-76,0,-75,0,-74,0,-73,0.99956,-72,0.0004419,-71,4.7355e-81,-70,1.1055e-264,-69,0,-68,0,-67,0,-66,0,-65,0,-64,0,-63,0,-62,0,-61,0,-60,0,-59,0,-58,0,-57,0,-56,0,-55,0,-54,0,-53,0,-52,0,-51,0,-50,0,-49,0,-48,0,-47,0,-46,0,-45,0,-44,0,-43,0,-42,0,-41,0,-40,0,-39,0,-38,0,-37,0,-36,0,-35,0,-34,0,-33,0,-32,0,-31,0,-30,0
4,2.5,0,0,7,-90,0,-89,0,-88,0,-87,0,-86,0,-85,0,-84,0,-83,0,-82,0,-81,0,-80,0,-79,0,-78,6.0559e-08,-77,0.029671,-76,0.90614,-75,0.064191,-74,4.1824e-07,-73,3.9472e-17,-72,4.0233e-32,-71,4.0804e-52,-70,3.9823e-77,-69,3.6777e-107,-68,3.1829e-142,-67,2.566e-182,-66,1.9194e-227,-65,1.3283e-277,-64,0,-63,0,-62,0,-61,0,-60,0,-59,0,-58,0,-57,0,-56,0,-55,0,-54,0,-53,0,-52,0,-51,0,-50,0,-49,0,-48,0,-47,0,-46,0,-45,0,-44,0,-43,0,-42,0,-41,0,-40,0,-39,0,-38,0,-37,0,-36,0,-35,0,-34,0,-33,0,-32,0,-31,0,-30,0
4,2.5,0,0,8,-90,0,-89,0,-88,0,-87,0,-86,0,-85,0,-84,0,-83,0,-82,0,-81,0,-80,0,-79,0,-78,0,-77,0,-76,0,-75,0,-74,0,-73,0,-72,0,-71,0,-70,0,-69,0,-68,0,-67,0,-66,0,-65,0,-64,0,-63,0,-62,0,-61,0,-60,1,-59,0,-58,0,-57,0,-56,0,-55,0,-54,0,-53,0,-52,0,-51,0,-50,0,-49,0,-48,0,-47,0,-46,0,-45,0,-44,0,-43,0,-42,0,-41,0,-40,0,-39,0,-38,0,-37,0,-36,0,-35,0,-34,0,-33,0,-32,0,-31,0,-30,0
4,2.5,0,0,9,-90,0,-89,0,-88,0,-87,0,-86,0,-85,0,-84,0,-83,0,-82,0,-81,0,-80,0,-79,0,-78,0,-77,0,-76,0,-75,0,-74,0,-73,0,-72,0,-71,0,-70,0,-69,0,-68,0,-67,0,-66,0,-65,0,-64,0,-63,1,-62,0,-61,0,-60,0,-59,0,-58,0,-57,0,-56,0,-55,0,-54,0,-53,0,-52,0,-51,0,-50,0,-49,0,-48,0,-47,0,-46,0,-45,0,-44,0,-43,0,-42,0,-41,0,-40,0,-39,0,-38,0,-37,0,-36,0,-35,0,-34,0,-33,0,-32,0,-31,0,-30,0
4,2.5,0,0,10,-90,0,-89,0,-88,0,-87,0,-86,0,-85,0,-84,0,-83,0,-82,0,-81,0,-80,0,-79,0,-78,0,-77,0,-76,0,-75,0,-74,0,-73,0,-72,0,-71,0,-70,0,-69,0,-68,0,-67,0,-66,0,-65,0,-64,0,-63,0,-62,0,-61,0,-60,0,-59,0,-58,0,-57,0,-56,0,-55,0,-54,0,-53,0,-52,4.1966e-14,-51,1,-50,2.1831e-231,-49,0,-48,0,-47,0,-46,0,-45,0,-44,0,-43,0,-42,0,-41,0,-40,0,-39,0,-38,0,-37,0,-36,0,-35,0,-34,0,-33,0,-32,0,-31,0,-30,0
4,2.5,0,0,11,-90,0,-89,0,-88,0,-87,0,-86,0,-85,0,-84,0,-83,0,-82,0,-81,0,-80,0,-79,0,-78,0,-77,0,-76,0,-75,0,-74,1.0678e-10,-73,6.7589e-06,-72,0.0093336,-71,0.35303,-70,0.58791,-69,0.049588,-68,0.00013251,-67,8.1645e-09,-66,1.0311e-14,-65,2.5458e-22,-64,1.201e-31,-63,1.0692e-42,-62,1.7825e-55,-61,5.5376e-70,-60,3.1948e-86,-59,3.4147e-104,-58,6.7496e-124,-57,2.4639e-145,-56,1.6593e-168,-55,2.0597e-193,-54,4.7097e-220,-53,1.9826e-248,-52,1.5359e-278,-51,2.1886e-310,-50,0,-49,0,-48,0,-47,0,-46,0,-45,0,-44,0,-43,0,-42,0,-41,0,-40,0,-39,0,-38,0,-37,0,-36,0,-35,0,-34,0,-33,0,-32,0,-31,0,-30,0
4,3,0,0,1,-90,0,-89,0,-88,0,-87,0,-86,0,-85,0,-84,0,-83,0,-82,0,-81,0,-80,0,-79,0,-78,0,-77,0,-76,0,-75,0,-74,0,-73,0,-72,0,-71,0,-70,0,-69,1,-68,0,-67,0,-66,0,-65,0,-64,0,-63,0,-62,0,-61,0,-60,0,-59,0,-58,0,-57,0,-56,0,-55,0,-54,0,-53,0,-52,0,-51,0,-50,0,-49,0,-48,0,-47,0,-46,0,-45,0,-44,0,-43,0,-42,0,-41,0,-40,0,-39,0,-38,0,-37,0,-36,0,-35,0,-34,0,-33,0,-32,0,-31,0,-30,0
4,3,0,0,2,-90,0,-89,0,-88,0,-87,0,-86,0,-85,0,-84,0,-83,0,-82,0,-81,0,-80,0,-79,0,-78,0,-77,0,-76,0,-75,0,-74,0,-73,0,-72,0,-71,0,-70,0,-69,0,-68,0,-67,0,-66,0,-65,0,-64,0,-63,1,-62,0,-61,0,-60,0,-59,0,-58,0,-57,0,-56,0,-55,0,-54,0,-53,0,-52,0,-51,0,-50,0,-49,0,-48,0,-47,0,-46,0,-45,0,-44,0,-43,0,-42,0,-41,0,-40,0,-39,0,-38,0,-37,0,-36,0,-35,0,-34,0,-33,0,-32,0,-31,0,-30,0
4,3,0,0,3,-90,0,-89,0,-88,0,-87,0,-86,0,-85,0,-84,0,-83,0,-82,0,-81,0,-80,0,-79,0,-78,0,-77,0,-76,0,-75,0,-74,0,-73,0,-72,0,-71,0,-70,0,-69,0,-68,0,-67,0,-66,0,-65,0,-64,0,-63,0,-62,0,-61,0,-60,0,-59,0,-58,6.4393e-15,-57,5.4864e-10,-56,3.699e-06,-55,0.002054,-54,0.10242,-53,0.53469,-52,0.33635,-51,0.02431,-50,0.00017062,-49,1.0272e-07,-48,4.9813e-12,-47,1.8865e-17,-46,5.4882e-24,-45,1.2145e-31,-44,2.0319e-40,-43,2.5595e-50,-42,2.4204e-61,-41,1.7147e-73,-40,9.0862e-87,-39,3.5969e-101,-38,1.0627e-116,-37,2.3416e-133,-36,3.8456e-151,-35,4.7047e-170,-34,4.2858e-190,-33,2.9062e-211,-32,1.4665e-233,-31,5.505e-257,-30,1.537e-281
4,3,0,0,4,-90,0,-89,0,-88,0,-87,0,-86,0,-85,0,-84,0,-83,0,-82,0,-81,0,-80,0,-79,0,-78,0,-77,0,-76,0,-75,0,-74,0,-73,0,-72,0,-71,0,-70,0,-69,0,-68,0,-67,0,-66,0,-65,0,-64,0,-63,0,-62,0.0010433,-61,0.99895,-60,5.834e-06,-59,1.1418e-32,-58,2.3754e-83,-57,3.8468e-158,-56,4.4826e-257,-55,0,-54,0,-53,0,-52,0,-51,0,-50,0,-49,0,-48,0,-47,0,-46,0,-45,0,-44,0,-43,0,-42,0,-41,0,-40,0,-39,0,-38,0,-37,0,-36,0,-35,0,-34,0,-33,0,-32,0,-31,0,-30,0
4,3,0,0,5,-90,0,-89,0,-88,0,-87,0,-86,0,-85,0,-84,0,-83,0,-82,0,-81,0,-80,0,-79,0,-78,0,-77,0,-76,0,-75,0,-74,0,-73,0,-72,0,-71,0,-70,0,-69,0,-68,0,-67,1,-66,1.1568e-10,-65,9.5622e-107,-64,6.965e-308,-63,0,-62,0,-61,0,-60,0,-59,0,-58,0,-57,0,-56,0,-55,0,-54,0,-53,0,-52,0,-51,0,-50,0,-49,0,-48,0,-47,0,-46,0,-45,0,-44,0,-43,0,-42,0,-41,0,-40,0,-39,0,-38,0,-37,0,-36,0,-35,0,-34,0,-33,0,-32,0,-31,0,-30,0
4,3,0,0,6,-90,0,-89,0,-88,0,-87,0,-86,0,-85,0,-84,0,-83,0,-82,0,-81,0,-80,0,-79,0,-78,0,-77,0,-76,0,-75,0,-74,0,-73,0,-72,1,-71,7.5044e-09,-70,7.4608e-103,-69,1.6793e-305,-68,0,-67,0,-66,0,-65,0,-64,0,-63,0,-62,0,-61,0,-60,0,-59,0,-58,0,-57,0,-56,0,-55,0,-54,0,-53,0,-52,0,-51,0,-50,0,-49,0,-48,0,-47,0,-46,0,-45,0,-44,0,-43,0,-42,0,-41,0,-40,0,-39,0,-38,0,-37,0,-36,0,-35,0,-34,0,-33,0,-32,0,-31,0,-30,0
4,3,0,0,7,-90,0,-89,0,-88,0,-87,0,-86,0,-85,0,-84,0,-83,0,-82,0,-81,0,-80,0,-79,0,-78,0,-77,7.8493e-14,-76,4.6594e-06,-75,0.068936,-74,0.85959,-73,0.071463,-72,5.0828e-06,-71,9.0388e-14,-70,3.1432e-25,-69,1.9839e-40,-68,2.2023e-59,-67,4.2313e-82,-66,1.394e-108,-65,7.8286e-139,-64,7.4655e-173,-63,1.2056e-210,-62,3.2901e-252,-61,1.5151e-297,-60,0,-59,0,-58,0,-57,0,-56,0,-55,0,-54,0,-53,0,-52,0,-51,0,-50,0,-49,0,-48,0,-47,0,-46,0,-45,0,-44,0,-43,0,-42,0,-41,0,-40,0,-39,0,-38,0,-37,0,-36,0,-35,0,-34,0,-33,0,-32,0,-31,0,-30,0
4,3,0,0,8,-90,0,-89,0,-88,0,-87,0,-86,0,-85,0,-84,0,-83,0,-82,0,-81,0,-80,0,-79,0,-78,0,-77,0,-76,0,-75,0,-74,0,-73,0,-72,0,-71,0,-70,0,-69,0,-68,0,-67,0,-66,0,-65,0,-64,0,-63,0,-62,0,-61,0,-60,1,-59,0,-58,0,-57,0,-56,0,-55,0,-54,0,-53,0,-52,0,-51,0,-50,0,-49,0,-48,0,-47,0,-46,0,-45,0,-44,0,-43,0,-42,0,-41,0,-40,0,-39,0,-38,0,-37,0,-36,0,-35,0,-34,0,-33,0,-32,0,-31,0,-30,0
4,3,0,0,9,-90,0,-89,0,-88,0,-87,0,-86,0,-85,0,-84,0,-83,0,-82,0,-81,0,-80,0,-79,0,-78,0,-77,0,-76,0,-75,0,-74,0,-73,0,-72,0,-71,0,-70,0,-69,0,-68,0,-67,0,-66,0,-65,0,-64,0,-63,1,-62,0,-61,0,-60,0,-59,0,-58,0,-57,0,-56,0,-55,0,-54,0,-53,0,-52,0,-51,0,-50,0,-49,0,-48,0,-47,0,-46,0,-45,0,-44,0,-43,0,-42,0,-41,0,-40,0,-39,0,-38,0,-37,0,-36,0,-35,0,-34,0,-33,0,-32,0,-31,0,-30,0
4,3,0,0,10,-90,0,-89,0,-88,0,-87,0,-86,0,-85,0,-84,0,-83,0,-82,0,-81,0,-80,0,-79,0,-78,0,-77,0,-76,0,-75,0,-74,0,-73,0,-72,0,-71,0,-70,0,-69,0,-68,0,-67,0,-66,0,-65,0,-64,0,-63,0,-62,0,-61,0,-60,0,-59,0,-58,0,-57,0,-56,0,-55,0,-54,0,-53,0,-52,0,-51,1,-50,0,-49,0,-48,0,-47,0,-46,0,-45,0,-44,0,-43,0,-42,0,-41,0,-40,0,-39,0,-38,0,-37,0,-36,0,-35,0,-34,0,-33,0,-32,0,-31,0,-30,0
4,3,0,0,11,-90,0,-89,0,-88,0,-87,0,-86,0,-85,0,-84,0,-83,0,-82,0,-81,0,-80,0,-79,0,-78,0,-77,0,-76,0,-75,0,-74,2.5224e-11,-73,0.13415,-72,0.86584,-71,6.6343e-06,-70,4.6983e-23,-69,5.1289e-53,-68,7.02e-96,-67,1.1323e-151,-66,2.0956e-220,-65,4.3878e-302,-64,0,-63,0,-62,0,-61,0,-60,0,-59,0,-58,0,-57,0,-56,0,-55,0,-54,0,-53,0,-52,0,-51,0,-50,0,-49,0,-48,0,-47,0,-46,0,-45,0,-44,0,-43,0,-42,0,-41,0,-40,0,-39,0,-38,0,-37,0,-36,0,-35,0,-34,0,-33,0,-32,0,-31,0,-30,0
4,3.5,0,0,1,-90,0,-89,0,-88,0,-87,0,-86,0,-85,0,-84,0,-83,0,-82,0,-81,0,-80,0,-79,0,-78,0,-77,0,-76,0,-75,0,-74,0,-73,0,-72,0,-71,0,-70,0,-69,1,-68,0,-67,0,-66,0,-65,0,-64,0,-63,0,-62,0,-61,0,-60,0,-59,0,-58,0,-57,0,-56,0,-55,0,-54,0,-53,0,-52,0,-51,0,-50,0,-49,0,-48,0,-47,0,-46,0,-45,0,-44,0,-43,0,-42,0,-41,0,-40,0,-39,0,-38,0,-37,0,-36,0,-35,0,-34,0,-33,0,-32,0,-31,0,-30,0
4,3.5,0,0,2,-90,0,-89,0,-88,0,-87,0,-86,0,-85,0,-84,0,-83,0,-82,0,-81,0,-80,0,-79,0,-78,0,-77,0,-76,0,-75,0,-74,0,-73,0,-72,0,-71,0,-70,0,-69,0,-68,0,-67,0,-66,0,-65,0,-64,8.149e-14,-63,1,-62,0,-61,0,-60,0,-59,0,-58,0,-57,0,-56,0,-55,0,-54,0,-53,0,-52,0,-51,0,-50,0,-49,0,-48,0,-47,0,-46,0,-45,0,-44,0,-43,0,-42,0,-41,0,-40,0,-39,0,-38,0,-37,0,-36,0,-35,0,-34,0,-33,0,-32,0,-31,0,-30,0
4,3.5,0,0,3,-90,0,-89,0,-88,0,-87,0,-86,0,-85,0,-84,0,-83,0,-82,0,-81,0,-80,0,-79,0,-78,0,-77,0,-76,0,-75,0,-74,0,-73,0,-72,0,-71,0,-70,0,-69,0,-68,0,-67,0,-66,0,-65,0,-64,0,-63,0,-62,0,-61,0,-60,0,-59,0,-58,0,-57,0,-56,9.3727e-11,-55,0.97897,-54,0.021029,-53,8.3863e-26,-52,1.7283e-79,-51,9.3602e-164,-50,1.1838e-278,-49,0,-48,0,-47,0,-46,0,-45,0,-44,0,-43,0,-42,0,-41,0,-40,0,-39,0,-38,0,-37,0,-36,0,-35,0,-34,0,-33,0,-32,0,-31,0,-30,0
4,3.5,0,0,4,-90,0,-89,0,-88,0,-87,0,-86,0,-85,0,-84,0,-83,0,-82,0,-81,0,-80,0,-79,0,-78,0,-77,0,-76,0,-75,0,-74,0,-73,0,-72,0,-71,0,-70,0,-69,0,-68,0,-67,0,-66,0,-65,0,-64,0,-63,0,-62,0,-61,7.4904e-11,-60,1,-59,4.3396e-07,-58,1.2226e-59,-57,1.2932e-167,-56,0,-55,0,-54,0,-53,0,-52,0,-51,0,-50,0,-49,0,-48,0,-47,0,-46,0,-45,0,-44,0,-43,0,-42,0,-41,0,-40,0,-39,0,-38,0,-37,0,-36,0,-35,0,-34,0,-33,0,-32,0,-31,0,-30,0
4,3.5,0,0,5,-90,0,-89,0,-88,0,-87,0,-86,0,-85,0,-84,0,-83,0,-82,0,-81,0,-80,0,-79,0,-78,0,-77,0,-76,0,-75,0,-74,0,-73,0,-72,0,-71,0,-70,0,-69,0,-68,0,-67,0,-66,1,-65,7.7058e-147,-64,0,-63,0,-62,0,-61,0,-60,0,-59,0,-58,0,-57,0,-56,0,-55,0,-54,0,-53,0,-52,0,-51,0,-50,0,-49,0,-48,0,-47,0,-46,0,-45,0,-44,0,-43,0,-42,0,-41,0,-40,0,-39,0,-38,0,-37,0,-36,0,-35,0,-34,0,-33,0,-32,0,-31,0,-30,0
4,3.5,0,0,6,-90,0,-89,0,-88,0,-87,0,-86,0,-85,0,-84,0,-83,0,-82,0,-81,0,-80,0,-79,0,-78,0,-77,0,-76,0,-75,0,-74,0,-73,0,-72,1.4189e-12,-71,1,-70,2.9363e-10,-69,6.5022e-84,-68,9.6516e-233,-67,0,-66,0,-65,0,-64,0,-63,0,-62,0,-61,0,-60,0,-59,0,-58,0,-57,0,-56,0,-55,0,-54,0,-53,0,-52,0,-51,0,-50,0,-49,0,-48,0,-47,0,-46,0,-45,0,-44,0,-43,0,-42,0,-41,0,-40,0,-39,0,-38,0,-37,0,-36,0,-35,0,-34,0,-33,0,-32,0,-31,0,-30,0
4,3.5,0,0,7,-90,0,-89,0,-88,0,-87,0,-86,0,-85,0,-84,0,-83,0,-82,0,-81,0,-80,0,-79,0,-78,0,-77,0,-76,0,-75,0,-74,5.8584e-09,-73,0.058962,-72,0.93605,-71,0.0049875,-70,9.2787e-12,-69,9.2166e-28,-68,3.8155e-51,-67,6.13e-82,-66,3.7095e-120,-65,8.3265e-166,-64,6.871e-219,-63,2.0728e-279,-62,0,-61,0,-60,0,-59,0,-58,0,-57,0,-56,0,-55,0,-54,0,-53,0,-52,0,-51,0,-50,0,-49,0,-48,0,-47,0,-46,0,-45,0,-44,0,-43,0,-42,0,-41,0,-40,0,-39,0,-38,0,-37,0,-36,0,-35,0,-34,0,-33,0,-32,0,-31,0,-30,0
4,3.5,0,0,8,-90,0,-89,0,-88,0,-87,0,-86,0,-85,0,-84,0,-83,0,-82,0,-81,0,-80,0,-79,0,-78,0,-77,0,-76,0,-75,0,-74,0,-73,0,-72,0,-71,0,-70,0,-69,0,-68,0,-67,0,-66,0,-65,0,-64,0,-63,0,-62,0,-61,0,-60,0.99995,-59,4.924e-05,-58,2.5982e-99,-57,5.2371e-322,-56,0,-55,0,-54,0,-53,0,-52,0,-51,0,-50,0,-49,0,-48,0,-47,0,-46,0,-45,0,-44,0,-43,0,-42,0,-41,0,-40,0,-39,0,-38,0,-37,0,-36,0,-35,0,-34,0,-33,0,-32,0,-31,0,-30,0
4,3.5,0,0,9,-90,0,-89,0,-88,0,-87,0,-86,0,-85,0,-84,0,-83,0,-82,0,-81,0,-80,0,-79,0,-78,0,-77,0,-76,0,-75,0,-74,0,-73,0,-72,0,-71,0,-70,0,-69,0,-68,0,-67,0,-66,0,-65,0,-64,0,-63,1,-62,3.1132e-10,-61,1.7558e-311,-60,0,-59,0,-58,0,-57,0,-56,0,-55,0,-54,0,-53,0,-52,0,-51,0,-50,0,-49,0,-48,0,-47,0,-46,0,-45,0,-44,0,-43,0,-42,0,-41,0,-40,0,-39,0,-38,0,-37,0,-36,0,-35,0,-34,0,-33,0,-32,0,-31,0,-30,0
4,3.5,0,0,10,-90,0,-89,0,-88,0,-87,0,-86,0,-85,0,-84,0,-83,0,-82,0,-81,0,-80,0,-79,0,-78,0,-77,0,-76,0,-75,0,-74,0,-73,0,-72,0,-71,0,-70,0,-69,0,-68,0,-67,0,-66,0,-65,0,-64,0,-63,0,-62,0,-61,0,-60,0,-59,0,-58,0,-57,0,-56,0,-55,0,-54,0,-53,0,-52,0.79214,-51,0.20786,-50,1.2073e-26,-49,4.9676e-93,-48,4.6037e-201,-47,0,-46,0,-45,0,-44,0,-43,0,-42,0,-41,0,-40,0,-39,0,-38,0,-37,0,-36,0,-35,0,-34,0,-33,0,-32,0,-31,0,-30,0
4,3.5,0,0,11,-90,0,-89,0,-88,0,-87,0,-86,0,-85,0,-84,0,-83,0,-82,0,-81,0,-80,0,-79,0,-78,0,-77,0,-76,0,-75,0,-74,0,-73,1,-72,0,-71,0,-70,0,-69,0,-68,0,-67,0,-66,0,-65,0,-64,0,-63,0,-62,0,-61,0,-60,0,-59,0,-58,0,-57,0,-56,0,-55,0,-54,0,-53,0,-52,0,-51,0,-50,0,-49,0,-48,0,-47,0,-46,0,-45,0,-44,0,-43,0,-42,0,-41,0,-40,0,-39,0,-38,0,-37,0,-36,0,-35,0,-34,0,-33,0,-32,0,-31,0,-30,0
4,4,0,0,1,-90,0,-89,0,-88,0,-87,0,-86,0,-85,0,-84,0,-83,0,-82,0,-81,0,-80,0,-79,0,-78,0,-77,0,-76,0,-75,0,-74,0,-73,0,-72,0,-71,0,-70,0,-69,1,-68,0,-67,0,-66,0,-65,0,-64,0,-63,0,-62,0,-61,0,-60,0,-59,0,-58,0,-57,0,-56,0,-55,0,-54,0,-53,0,-52,0,-51,0,-50,0,-49,0,-48,0,-47,0,-46,0,-45,0,-44,0,-43,0,-42,0,-41,0,-40,0,-39,0,-38,0,-37,0,-36,0,-35,0,-34,0,-33,0,-32,0,-31,0,-30,0
4,4,0,0,2,-90,0,-89,0,-88,0,-87,0,-86,0,-85,0,-84,0,-83,0,-82,0,-81,0,-80,0,-79,0,-78,0,-77,0,-76,0,-75,0,-74,0,-73,0,-72,0,-71,0,-70,0,-69,0,-68,0,-67,0,-66,0,-65,0,-64,0,-63,1,-62,4.5547e-68,-61,0,-60,0,-59,0,-58,0,-57,0,-56,0,-55,0,-54,0,-53,0,-52,0,-51,0,-50,0,-49,0,-48,0,-47,0,-46,0,-45,0,-44,0,-43,0,-42,0,-41,0,-40,0,-39,0,-38,0,-37,0,-36,0,-35,0,-34,0,-33,0,-32,0,-31,0,-30,0
4,4,0,0,3,-90,0,-89,0,-88,0,-87,0,-86,0,-85,0,-84,0,-83,0,-82,0,-81,0,-80,0,-79,0,-78,0,-77,0,-76,0,-75,0,-74,0,-73,0,-72,0,-71,0,-70,0,-69,0,-68,0,-67,0,-66,0,-65,0,-64,0,-63,0,-62,0,-61,0,-60,0,-59,0,-58,0,-57,0,-56,0,-55,1,-54,3.2261e-24,-53,5.3977e-311,-52,0,-51,0,-50,0,-49,0,-48,0,-47,0,-46,0,-45,0,-44,0,-43,0,-42,0,-41,0,-40,0,-39,0,-38,0,-37,0,-36,0,-35,0,-34,0,-33,0,-32,0,-31,0,-30,0
4,4,0,0,4,-90,0,-89,0,-88,0,-87,0,-86,0,-85,0,-84,0,-83,0,-82,0,-81,0,-80,0,-79,0,-78,0,-77,0,-76,0,-75,0,-74,0,-73,0,-72,0,-71,0,-70,0,-69,0,-68,0,-67,0,-66,0,-65,0,-64,0,-63,0,-62,0,-61,0,-60,0,-59,1,-58,0,-57,0,-56,0,-55,0,-54,0,-53,0,-52,0,-51,0,-50,0,-49,0,-48,0,-47,0,-46,0,-45,0,-44,0,-43,0,-42,0,-41,0,-40,0,-39,0,-38,0,-37,0,-36,0,-35,0,-34,0,-33,0,-32,0,-31,0,-30,0
4,4,0,0,5,-90,0,-89,0,-88,0,-87,0,-86,0,-85,0,-84,0,-83,0,-82,0,-81,0,-80,0,-79,0,-78,0,-77,0,-76,0,-75,0,-74,0,-73,0,-72,0,-71,0,-70,0,-69,0,-68,0,-67,0,-66,1,-65,0,-64,0,-63,0,-62,0,-61,0,-60,0,-59,0,-58,0,-57,0,-56,0,-55,0,-54,0,-53,0,-52,0,-51,0,-50,0,-49,0,-48,0,-47,0,-46,0,-45,0,-44,0,-43,0,-42,0,-41,0,-40,0,-39,0,-38,0,-37,0,-36,0,-35,0,-34,0,-33,0,-32,0,-31,0,-30,0
4,4,0,0,6,-90,0,-89,0,-88,0,-87,0,-86,0,-85,0,-84,0,-83,0,-82,0,-81,0,-80,0,-79,0,-78,0,-77,0,-76,0,-75,0,-74,0,-73,0,-72,0,-71,0,-70,1,-69,5.579e-143,-68,0,-67,0,-66,0,-65,0,-64,0,-63,0,-62,0,-61,0,-60,0,-59,0,-58,0,-57,0,-56,0,-55,0,-54,0,-53,0,-52,0,-51,0,-50,0,-49,0,-48,0,-47,0,-46,0,-45,0,-44,0,-43,0,-42,0,-41,0,-40,0,-39,0,-38,0,-37,0,-36,0,-35,0,-34,0,-33,0,-32,0,-31,0,-30,0
4,4,0,0,7,-90,0,-89,0,-88,0,-87,0,-86,0,-85,0,-84,0,-83,0,-82,0,-81,0,-80,0,-79,0,-78,0,-77,0,-76,0,-75,0,-74,0,-73,0,-72,0,-71,1,-70,1.1468e-132,-69,0,-68,0,-67,0,-66,0,-65,0,-64,0,-63,0,-62,0,-61,0,-60,0,-59,0,-58,0,-57,0,-56,0,-55,0,-54,0,-53,0,-52,0,-51,0,-50,0,-49,0,-48,0,-47,0,-46,0,-45,0,-44,0,-43,0,-42,0,-41,0,-40,0,-39,0,-38,0,-37,0,-36,0,-35,0,-34,0,-33,0,-32,0,-31,0,-30,0
4,4,0,0,8,-90,0,-89,0,-88,0,-87,0,-86,0,-85,0,-84,0,-83,0,-82,0,-81,0,-80,0,-79,0,-78,0,-77,0,-76,0,-75,0,-74,0,-73,0,-72,0,-71,0,-70,0,-69,0,-68,0,-67,0,-66,0,-65,0,-64,0,-63,0,-62,0,-61,0,-60,0,-59,1,-58,8.032e-12,-57,8.7881e-135,-56,0,-55,0,-54,0,-53,0,-52,0,-51,0,-50,0,-49,0,-48,0,-47,0,-46,0,-45,0,-44,0,-43,0,-42,0,-41,0,-40,0,-39,0,-38,0,-37,0,-36,0,-35,0,-34,0,-33,0,-32,0,-31,0,-30,0
4,4,0,0,9,-90,0,-89,0,-88,0,-87,0,-86,0,-85,0,-84,0,-83,0,-82,0,-81,0,-80,0,-79,0,-78,0,-77,0,-76,0,-75,0,-74,0,-73,0,-72,0,-71,0,-70,0,-69,0,-68,0,-67,0,-66,0,-65,0,-64,0,-63,0,-62,1,-61,1.0299e-82,-60,0,-59,0,-58,0,-57,0,-56,0,-55,0,-54,0,-53,0,-52,0,-51,0,-50,0,-49,0,-48,0,-47,0,-46,0,-45,0,-44,0,-43,0,-42,0,-41,0,-40,0,-39,0,-38,0,-37,0,-36,0,-35,0,-34,0,-33,0,-32,0,-31,0,-30,0
4,4,0,0,10,-90,0,-89,0,-88,0,-87,0,-86,0,-85,0,-84,0,-83,0,-82,0,-81,0,-80,0,-79,0,-78,0,-77,0,-76,0,-75,0,-74,0,-73,0,-72,0,-71,0,-70,0,-69,0,-68,0,-67,0,-66,0,-65,0,-64,0,-63,0,-62,0,-61,0,-60,0,-59,0,-58,0,-57,0,-56,0,-55,0,-54,1.8375e-12,-53,0.99014,-52,0.0098648,-51,1.7897e-31,-50,3.1233e-97,-49,2.6589e-200,-48,0,-47,0,-46,0,-45,0,-44,0,-43,0,-42,0,-41,0,-40,0,-39,0,-38,0,-37,0,-36,0,-35,0,-34,0,-33,0,-32,0,-31,0,-30,0
4,4,0,0,11,-90,0,-89,0,-88,0,-87,0,-86,0,-85,0,-84,0,-83,0,-82,0,-81,0,-80,0,-79,0,-78,0,-77,0,-76,0,-75,0,-74,0,-73,0.0047493,-72,0.99525,-71,4.7308e-16,-70,5.1528e-78,-69,7.357e-189,-68,0,-67,0,-66,0,-65,0,-64,0,-63,0,-62,0,-61,0,-60,0,-59,0,-58,0,-57,0,-56,0,-55,0,-54,0,-53,0,-52,0,-51,0,-50,0,-49,0,-48,0,-47,0,-46,0,-45,0,-44,0,-43,0,-42,0,-41,0,-40,0,-39,0,-38,0,-37,0,-36,0,-35,0,-34,0,-33,0,-32,0,-31,0,-30,0
